author_id,username,created_at,verified,followers,following,tweet_count,listed_count,cant_tweets_muestra,rt,vreplicas,likes,rtquotes,menciones_a_In,menciones_a_Out,menciones_de_In,rt_a_In,rt_a_Out,rt_de_In,rp_a_In,rp_a_Out,rp_de_In,rq_a_In,rq_a_Out,rq_de_In,Actividad,paisSN
288375259,Bluefieldstereo,2011-04-26T18:58:25.000Z,False,705,309,11429,9,38,24,0,60,1,1,2,2,0,0,2,0,0,0,0,0,0,7,1
290902018,ReyesMar17,2011-05-01T04:17:55.000Z,False,849,336,16466,3,145,11,88,336,9,2,12,3,0,0,1,2,12,1,0,2,0,35,1
294631380,gustavo_specht,2011-05-07T13:58:11.000Z,False,542,251,1240,2,64,0,1,0,0,0,9,0,0,0,0,0,0,0,0,0,0,9,0
1343703953888968706,DarianaCenteno5,2020-12-28T23:43:07.000Z,False,5,5,4,0,3,0,0,2,0,0,1,0,0,0,0,0,0,0,0,0,0,1,0
1343747139810304001,ziur3_30,2020-12-29T02:34:49.000Z,False,23,18,4,0,3,0,0,5,0,0,0,1,0,0,0,0,0,0,0,0,0,1,1
1344321560547622913,LevelsJeffry,2020-12-30T16:37:36.000Z,False,88,83,248,0,168,26972,21,332,25,2,18,6,7,18,6,1,3,2,0,3,6,72,1
1345031951820976129,ElNicaTeInform2,2021-01-01T15:40:03.000Z,False,27,130,90,0,85,151464,4,50,4,5,40,1,1,24,1,0,2,0,0,0,0,74,1
1345514094347100161,Makushla5,2021-01-02T23:35:49.000Z,False,4,11,14,0,3,0,0,0,0,2,8,0,0,0,0,0,0,0,0,0,0,10,1
1345928603658313728,TatianaRC15,2021-01-04T03:04:30.000Z,False,419,232,1653,0,32,0,5,205,0,0,9,1,0,0,0,0,8,1,0,0,0,19,1
1316054444640006148,Ultravioleteart,2020-10-13T16:33:38.000Z,False,70,61,263,0,10,1,0,14,0,0,2,0,0,0,0,0,1,0,0,0,0,3,1
1318958469987389443,TorunoRosita,2020-10-21T16:53:26.000Z,False,196,226,33,0,21,621,0,69,0,2,15,2,2,11,2,0,0,0,0,0,0,34,1
1370525494588928008,RIamalex,2021-03-13T00:02:21.000Z,False,325,560,67,0,3,0,0,1,0,0,1,0,0,0,0,0,1,0,0,0,0,2,1
1370981999624732672,CalvoLesther,2021-03-14T06:16:36.000Z,False,3335,3542,2556,3,47,8351,10,143,4,5,56,14,1,22,11,0,2,3,0,1,1,116,1
1371134075675754498,park051103,2021-03-14T16:20:46.000Z,False,18,112,1385,0,601,1431712,0,24,0,0,345,0,0,429,0,0,1,0,0,0,0,775,1
1372044497027223552,hills_garcia,2021-03-17T04:38:19.000Z,False,129,134,1434,0,95,63369,14,104,2,1,19,0,1,22,0,0,1,0,0,13,0,57,1
1373296026124230656,PhaellhZ,2021-03-20T15:31:26.000Z,False,55,247,9,0,1,0,1,1,0,0,0,2,0,0,0,0,0,0,0,0,0,2,1
1005965788275232768,storrezt,2018-06-11T00:11:48.000Z,False,168,16,672,0,93,20662,7,84,2,2,9,0,1,6,0,2,1,2,2,5,1,31,1
1006632831005708289,luisasuazo60,2018-06-12T20:22:24.000Z,False,69,208,62,0,3,0,0,2,0,0,1,0,0,0,0,0,2,0,0,0,0,3,1
1007022046403055616,sofficubides,2018-06-13T22:09:00.000Z,False,18,97,178,0,7,218,0,0,0,0,3,0,0,3,0,0,0,0,0,0,0,6,1
1007469664153325568,tatourramirez,2018-06-15T03:47:40.000Z,False,89,346,3895,0,175,46262,66,65,3,1,33,1,0,7,0,1,13,0,1,9,0,66,1
787733244,UDeyanira,2012-08-28T19:54:33.000Z,False,43,26,1152,0,13,9317,1,6,1,0,1,0,0,1,0,0,1,0,0,2,0,5,0
802896420,MINIMNicaragua,2012-09-04T17:57:14.000Z,True,1884,112,3873,15,255,469,62,620,20,5,18,0,3,10,25,0,0,4,0,0,3,68,1
844426740,marii_nicaragua,2012-09-24T22:42:52.000Z,False,457,414,3317,0,62,43360,26,124,4,1,27,3,1,19,2,0,8,1,0,2,0,64,1
849775910,ernestosolorz18,2012-09-27T18:56:11.000Z,False,193,932,4610,2,38,4150,4,15,0,1,6,1,1,6,0,2,0,1,0,0,0,18,1
1107706513,Lindsay_A97,2013-01-21T00:53:51.000Z,False,1409,164,30336,1,311,273690,35,809,2,7,95,1,8,107,0,0,6,1,1,15,0,241,1
1132993644,DrLangerhans,2013-01-30T05:08:43.000Z,False,1965,1412,7106,1,368,94186,176,3242,49,10,68,27,5,48,16,9,31,14,4,31,9,272,1
1138040635,jquinteroven,2013-01-31T22:03:23.000Z,False,3956,1137,25030,30,555,131089,102,524,23,1,249,1,0,127,1,1,34,1,0,33,0,448,0
1167981973,Muzen_Ran,2013-02-11T05:52:49.000Z,False,130,176,8104,1,598,107525,103,190,1,4,118,0,2,61,0,3,21,2,3,39,0,253,1
1186854750,MartnZela,2013-02-16T17:20:20.000Z,False,97,262,3312,0,749,231496,75,326,41,8,94,4,6,96,1,2,10,3,0,24,4,252,1
163741780,hounddog3075,2010-07-07T04:38:17.000Z,False,18,115,291,1,11,3930,0,1,0,0,7,0,0,1,0,0,2,0,0,0,0,10,0
165604786,fperezroman,2010-07-12T01:57:30.000Z,False,6,0,563,0,1,0,0,1,0,0,0,0,0,0,0,0,0,0,0,0,0,0,1
166369175,Elshowdewilmer,2010-07-14T00:15:00.000Z,False,721268,1696,66320,1510,116,42264,11,145,3,0,39,0,0,20,0,0,1,0,0,10,0,70,0
171345530,margegroans,2010-07-27T03:56:34.000Z,False,101,265,1871,0,650,15822,163,240,2,1,98,0,0,53,0,1,34,0,4,42,0,233,0
237896263,Ricardoperello,2011-01-13T22:07:30.000Z,False,163,328,10754,1,401,101914,175,374,4,0,212,0,0,41,0,0,73,0,0,2,0,328,0
242109984,BLANDINO_SA,2011-01-23T23:58:51.000Z,False,8063,134,2104,4,179,584,52,948,15,1,31,4,1,7,1,1,13,1,0,0,3,63,1
248063859,cristianyarince,2011-02-06T05:07:43.000Z,False,161,1397,824,1,5,1179,0,0,0,0,3,0,0,3,0,0,0,0,0,0,0,6,1
248819519,CarlGuardado,2011-02-07T20:00:25.000Z,False,427,2518,11896,10,177,40287,15,124,1,3,72,0,1,26,0,3,27,0,0,7,0,139,1
249274920,PrintDepotNI,2011-02-08T18:30:29.000Z,False,249,957,793,0,25,0,0,0,0,0,0,0,0,0,0,0,0,0,0,0,0,0,1
253224721,esteli99,2011-02-16T20:24:24.000Z,False,73,134,120,0,2,0,0,0,0,0,0,0,0,0,0,0,0,0,0,0,0,0,1
1284982990951657473,ZambranaSuhey,2020-07-19T22:46:45.000Z,False,7,33,93,0,22,743,0,0,0,3,2,0,3,3,0,1,0,0,0,0,0,12,1
1285600569097441284,Jocelyneok,2020-07-21T15:40:47.000Z,False,49,146,1045,0,144,20620,29,255,10,0,39,0,0,11,0,0,23,0,0,10,0,83,1
1286046615619407872,lespinoza_darce,2020-07-22T21:13:24.000Z,False,2,58,24,0,5,1,0,10,0,0,2,0,0,0,0,0,2,0,0,0,0,4,1
1287606188457316352,MatuzSoza,2020-07-27T04:31:32.000Z,False,2,91,11,0,4,0,0,2,0,0,0,0,0,0,0,0,0,0,0,0,0,0,0
1289845543343185920,OrtizYesler,2020-08-02T08:49:42.000Z,False,1,135,294,0,4,1,0,2,0,0,2,0,0,1,0,0,2,0,0,0,0,5,0
1290042462141112328,GeoObregon,2020-08-02T21:51:24.000Z,False,871,3211,1492,0,340,78490,8,104,6,7,80,4,7,67,1,0,5,0,0,1,0,172,1
1312976119226916864,FernandoPausOk,2020-10-05T04:42:20.000Z,False,675,1244,348,0,113,186,42,1683,5,0,13,0,0,0,1,0,11,0,0,0,0,25,1
409103042,gemoraless,2011-11-10T08:47:07.000Z,False,381,293,58573,1,612,956877,48,67,5,7,101,5,5,95,1,4,8,4,1,38,1,270,0
416374540,OrlandoBlancoGa,2011-11-19T16:06:25.000Z,False,260,367,831,1,88,61,0,16,0,1,6,0,1,3,0,0,0,0,0,0,0,11,1
416427471,NewToursPanama,2011-11-19T17:33:38.000Z,False,1236,1354,3474,6,147,0,0,3,0,0,0,0,0,0,0,0,0,0,0,0,0,0,0
436125085,DileElebe,2011-12-13T20:34:14.000Z,False,975,683,14891,0,26,103,16,205,4,2,10,5,2,1,4,1,7,1,0,0,1,34,0
581616738,LeitoTorresM,2012-05-16T05:05:19.000Z,False,547,653,16724,8,358,297101,111,541,6,6,91,4,4,59,2,4,24,3,1,25,3,226,1
75202537,amrizog,2009-09-18T04:48:57.000Z,False,819,313,5218,2,145,177291,31,405,4,4,40,6,0,36,3,4,8,3,1,9,0,114,1
90456585,margaritaterc,2009-11-16T18:50:23.000Z,False,346,282,31379,3,343,224965,42,263,5,6,102,2,6,104,1,2,9,2,1,21,0,256,1
95688958,dulcelily,2009-12-09T17:17:31.000Z,False,1053,1353,32105,8,1070,316969,91,339,2,5,188,3,0,118,1,0,43,0,1,73,0,432,1
96995552,eplazavalpo,2009-12-15T14:55:41.000Z,False,382,247,38614,14,737,182884,100,268,3,0,196,0,0,115,0,0,20,0,0,81,0,412,0
137046704,rjmn7,2010-04-25T16:41:15.000Z,False,709,412,2085,1,14,351,0,11,3,0,5,2,0,2,0,0,1,0,0,0,0,10,1
138122435,Miltgranada,2010-04-28T17:45:51.000Z,False,70,174,1830,0,3,1,0,1,0,1,3,0,0,0,0,1,2,0,0,0,0,7,1
139937550,sandigo01,2010-05-04T03:11:21.000Z,False,36,213,131,0,1,0,0,0,0,0,0,0,0,0,0,0,0,0,0,0,0,0,1
140231514,belkissmedina,2010-05-04T23:50:31.000Z,False,1061,643,1384,7,2,7,0,1,0,0,1,0,0,1,0,0,0,0,0,0,0,2,1
141027948,MaryChelis,2010-05-07T00:44:11.000Z,False,1089,852,11526,16,284,531206,43,454,13,5,113,5,4,68,3,2,26,2,1,21,1,251,1
3252270794,mpinell63,2015-06-22T03:04:15.000Z,False,35,516,2626,4,89,42103,2,11,0,3,21,0,2,18,0,3,10,0,0,0,0,57,1
3273313662,Oaater,2015-07-09T21:09:25.000Z,False,376,1413,13532,0,1683,325210,489,821,34,4,116,3,3,89,1,3,24,2,5,29,1,280,0
314830008,niko_kata,2011-06-10T21:46:30.000Z,False,910,199,3967,0,47,702,7,213,4,4,24,0,3,19,0,0,0,0,0,1,0,51,0
317391667,ProfeCarlosLeal,2011-06-14T21:30:13.000Z,False,381,270,1505,1,10,5,1,13,0,0,6,0,0,1,0,0,0,0,0,1,0,8,1
322318986,MacBelho,2011-06-23T00:14:25.000Z,False,33,178,1237,0,25,7,40,70,0,0,18,0,0,0,0,0,11,0,0,0,0,29,1
333338388,AndorreandoM,2011-07-11T11:28:56.000Z,False,3407,716,1710,117,20,262,5,314,7,0,23,0,0,2,0,0,1,0,0,0,0,26,0
1354573772494434304,joserod22677715,2021-01-27T23:35:43.000Z,False,8,16,6,0,5,0,1,2,0,0,1,0,0,0,0,0,0,0,0,0,0,1,0
1356282492186210305,FidelBerbis,2021-02-01T16:45:58.000Z,False,293,533,274,0,17,37,2,2,0,5,19,0,0,3,0,0,4,0,0,0,0,31,1
1356610105987518464,ROGERSN51224338,2021-02-02T14:27:30.000Z,False,12,59,61,3,32,25,1,6,0,2,13,0,0,1,0,2,5,0,0,0,0,23,1
826814759244816385,erisela22,2017-02-01T15:29:34.000Z,False,3689,646,18376,0,670,987656,139,774,25,9,218,9,11,249,8,0,16,1,4,33,1,559,1
832767650249920512,Andreabaunza28,2017-02-18T01:44:14.000Z,False,239,219,3467,0,119,332176,0,25,0,2,58,0,4,72,0,0,0,0,0,0,0,136,1
835187845451112448,Miurell101,2017-02-24T18:01:14.000Z,False,496,466,2330,0,31,693510,2,11,0,1,18,0,1,21,0,0,1,0,0,0,0,42,1
839232722086297600,kingoffade8,2017-03-07T21:54:07.000Z,False,18,211,977,0,2,0,0,0,0,0,0,0,0,0,0,0,0,0,0,0,0,0,1
847832329578041344,Gazostyle,2017-03-31T15:25:54.000Z,False,10,121,208,0,14,0,0,6,0,0,0,0,0,0,0,0,0,0,0,0,0,0,1
995407462600728576,dajevegu,2018-05-12T20:56:47.000Z,False,35,216,10223,0,1519,102379,0,9,0,15,295,1,15,245,1,0,3,0,0,0,0,575,1
999351080139059202,galan_hazel,2018-05-23T18:07:19.000Z,False,287,254,1682,2,95,15782,0,114,4,14,61,5,7,30,3,0,1,0,4,13,0,138,1
1001575834627575809,CeleniaPerez20,2018-05-29T21:27:42.000Z,False,248,240,1375,0,402,304515,42,534,2,3,87,2,4,92,2,0,14,0,4,45,0,253,1
1329646105756389377,Yasmina58394172,2020-11-20T04:42:20.000Z,False,8,24,36,0,9,0,0,0,0,0,0,0,0,0,0,0,0,0,0,0,0,0,1
1331648938093514760,LazaroGagcia,2020-11-25T17:20:51.000Z,False,18,107,127,0,69,5814,0,29,1,2,21,0,1,15,0,1,9,0,0,0,0,49,1
1331986106326376449,letsknownic,2020-11-26T15:40:29.000Z,False,648,286,1145,2,132,1415,69,2640,223,1,16,0,1,11,16,0,0,3,1,1,7,57,1
1332047235425705989,CarlosAUrbina3,2020-11-26T19:43:26.000Z,False,67,80,121,0,34,590,3,26,0,3,19,3,2,5,0,1,3,0,0,2,0,38,1
1333720356406915073,JavierM75066273,2020-12-01T10:31:48.000Z,False,0,7,8,0,5,0,0,0,0,0,1,0,0,0,0,0,0,0,0,0,0,1,0
1333878288993951744,GuisselleTorrez,2020-12-01T20:59:23.000Z,False,14,17,139,0,13,0,0,16,0,0,1,0,0,0,0,0,1,0,0,0,0,2,1
1936332896,twintellequeen,2013-10-05T03:54:37.000Z,False,318,305,3513,2,33,7093,5,21,1,0,13,0,0,9,0,0,4,0,0,0,0,26,1
1942291842,luaorteganic,2013-10-06T23:41:55.000Z,False,59,446,777,0,16,1598,0,7,0,1,2,0,1,1,0,1,0,0,0,0,0,6,1
2179480602,__RudyCastellon,2013-11-07T06:30:58.000Z,False,293,904,505,0,12,4792,1,35,0,0,1,0,0,1,0,0,0,0,0,0,0,2,0
2186772012,MarioAlt17,2013-11-10T17:27:28.000Z,False,43,206,970,1,57,2989,2,8,0,4,38,0,1,7,0,2,7,0,0,0,0,59,1
2191000111,KatherinAlemanH,2013-11-12T20:28:10.000Z,False,1344,1422,17339,15,852,14671,332,1765,21,11,97,0,2,21,3,10,54,10,1,23,2,234,1
2232367725,JDT632,2013-12-18T23:15:10.000Z,False,581,455,6030,0,550,588950,240,1163,17,14,122,12,9,91,2,8,28,12,2,19,3,322,1
2861867695,IfILoseMyself_G,2014-10-18T03:52:38.000Z,False,525,823,52525,5,2226,2042752,547,1996,36,34,364,15,35,360,8,9,51,11,20,163,4,1074,1
2887865899,Tit0169,2014-11-02T21:39:00.000Z,False,247,230,10158,1,177,22960,28,48,0,2,46,0,0,17,0,2,20,0,0,0,0,87,1
2909739650,sn_espinoza,2014-11-25T07:08:26.000Z,False,110,129,626,0,41,0,0,1,2,0,2,0,0,0,0,0,0,0,0,0,0,2,1
1149863288836149249,Misaaczp,2019-07-13T02:09:06.000Z,False,23,169,15,0,1,0,0,0,0,0,1,0,0,0,0,0,1,0,0,0,0,2,0
1154433307989499904,NahomiG44365359,2019-07-25T16:48:43.000Z,False,210,138,110,0,1,0,0,1,0,0,0,0,0,0,0,0,0,0,0,0,0,0,1
1155607372645249034,GEisemberg1975,2019-07-28T22:34:02.000Z,False,36,393,271,0,17,3122,2,22,0,0,12,0,0,1,0,0,10,0,0,0,0,23,0
1158505505901490177,Purpleheart_98C,2019-08-05T22:30:11.000Z,False,74,75,421,0,31,167967,6,12,0,0,11,0,0,7,0,0,3,0,0,1,0,22,0
1160794145532911616,E_Mau00,2019-08-12T06:04:25.000Z,False,65,170,2933,0,57,175282,10,4,2,1,29,0,1,26,0,0,3,0,0,0,0,60,1
223194115,pedro0089,2010-12-05T17:38:58.000Z,False,588,380,3461,3,29,73565,4,12,0,2,18,1,0,12,0,2,4,1,0,1,0,41,1
225521896,lordmalevelix,2010-12-11T19:44:16.000Z,False,83,30,8622,0,4,0,0,0,0,0,0,0,0,0,0,0,0,0,0,0,0,0,1
228444753,jarb89,2010-12-19T18:55:41.000Z,False,365,653,22150,3,16,56140,2,2,0,1,12,1,0,10,0,1,2,1,0,0,0,28,1
231219087,torrez_guillo,2010-12-27T23:08:46.000Z,False,1010,2302,18854,5,46,8,0,3,0,0,1,0,0,1,0,0,0,0,0,0,0,2,0
232679753,ernestosantiag,2010-12-31T22:42:01.000Z,False,6,71,433,0,49,0,0,0,0,0,0,0,0,0,0,0,0,0,0,0,0,0,0
1351992062070157315,TallerIsmael90,2021-01-20T20:36:59.000Z,False,8,19,35,0,17,0,0,7,0,0,1,0,0,0,0,0,1,0,0,0,0,2,1
1352633314524487681,Leo32214,2021-01-22T15:05:01.000Z,False,8,53,30,0,9,0,0,3,0,0,0,0,0,0,0,0,0,0,0,0,0,0,1
1239297061616594945,JeanCar83843106,2020-03-15T21:07:38.000Z,False,265,3428,112,0,7,1,0,25,0,0,0,0,0,0,0,0,0,0,0,0,0,0,1
1359303654302511108,OmarSal24630634,2021-02-10T00:50:36.000Z,False,1,0,12,0,12,0,1,0,0,0,2,0,0,0,0,0,2,0,0,0,0,4,0
1359955579419193348,SoranoDj1,2021-02-11T20:01:43.000Z,False,6,29,48,0,8,501,1,0,0,1,3,0,1,2,0,0,1,0,0,0,0,8,1
487922463,Rommel_Marti,2012-02-09T21:57:32.000Z,False,394,239,1706,0,49,569,42,496,8,1,18,9,2,5,9,0,13,0,0,6,2,65,1
501407831,RosaCajinaA,2012-02-24T03:28:25.000Z,False,1072,963,49037,11,298,152873,76,190,9,5,72,3,3,39,1,4,28,3,2,10,0,170,1
515117512,Negrito_Bimbo_,2012-03-05T05:14:07.000Z,False,293,360,10383,3,293,252,160,113,2,0,28,0,0,4,0,0,15,0,0,5,0,52,0
518069891,woyce3,2012-03-08T00:46:41.000Z,False,984,4996,28452,1,443,346262,0,17,1,3,227,0,3,156,0,0,9,0,0,0,0,398,0
519810241,ivymgo,2012-03-09T20:49:31.000Z,False,419,1486,8524,1,74,480848,11,69,1,0,33,0,0,28,0,0,1,0,0,7,0,69,1
524780761,EddZel89,2012-03-14T22:12:29.000Z,False,274,447,695,3,11,1,4,15,0,0,1,0,0,0,0,0,1,0,0,0,0,2,1
64867649,JCarlosUnltd,2009-08-11T23:49:05.000Z,False,494,3603,11398,0,676,518596,44,139,1,11,299,0,9,222,0,3,30,0,2,57,0,633,1
65491757,cuarezma06,2009-08-13T22:50:15.000Z,False,567,896,75561,4,457,734005,58,124,2,11,135,6,10,116,2,4,7,4,3,8,1,307,1
67507581,franco76r,2009-08-21T03:08:20.000Z,False,725,740,18004,11,109,301272,45,92,0,2,62,3,0,26,0,3,28,3,0,4,0,131,1
67679583,cermachado,2009-08-21T18:28:08.000Z,False,11,45,3169,0,269,0,0,0,0,0,0,0,0,0,0,0,0,0,0,0,0,0,0
74824015,perchonica,2009-09-16T20:07:20.000Z,False,347,873,8199,13,17,13714,0,0,0,0,5,0,0,4,0,0,1,0,0,1,0,11,0
148191433,angelbueno2009,2010-05-26T02:32:11.000Z,False,96,111,1173,0,53,400081,7,13,0,2,25,1,2,23,0,1,3,1,0,1,0,59,1
148851225,vicRO1,2010-05-27T19:39:31.000Z,False,19,229,372,0,103,94,19,97,0,3,64,1,0,3,0,3,51,1,0,4,0,130,1
149308057,RedLiz16,2010-05-28T23:47:25.000Z,False,235,712,3699,1,84,41844,10,34,0,2,37,0,1,9,0,0,13,0,1,17,0,80,1
149413422,sidMV,2010-05-29T06:37:36.000Z,False,466,967,16810,0,169,18475,18,119,1,6,55,2,3,26,1,3,19,1,0,17,1,134,1
161764185,BenjaKennedy,2010-07-01T18:21:11.000Z,False,861,479,17217,5,166,91253,45,86,0,1,73,0,0,22,0,0,27,0,0,5,0,128,0
3561570916,chefAmirAT1,2015-09-06T02:11:51.000Z,False,404,1403,2956,1,2,0,0,0,0,0,1,0,0,0,0,0,1,0,0,0,0,2,0
3721343736,j_adann,2015-09-29T03:11:26.000Z,False,513,197,9613,1,5,302,0,2,0,1,2,0,1,2,0,0,0,0,0,0,0,6,1
747130450162769920,SoyEl_Negro,2016-06-26T18:12:35.000Z,False,164,336,8613,0,19,849,1,4,0,0,5,0,0,4,0,0,2,0,0,4,0,15,1
749611205799665664,EsSalvaje,2016-07-03T14:30:13.000Z,False,251,218,724,1,9,94116,4,5,0,0,2,0,0,2,0,0,0,0,0,0,0,4,0
753053964942319616,GlendaRiveraCr1,2016-07-13T02:30:31.000Z,False,113,42,1190,0,99,24774,6,95,3,2,3,0,2,3,0,0,0,0,0,0,0,10,1
1258937781591707648,WTFTacos,2020-05-09T01:52:22.000Z,False,31,130,263,0,30,0,0,0,0,0,0,0,0,0,0,0,0,0,0,0,0,0,0
1260026439551741958,ArlySaguirre,2020-05-12T01:58:21.000Z,False,40,65,185,0,2,0,0,0,0,0,2,1,0,0,0,0,1,0,0,0,0,4,1
1261317042654896129,solmarylopez,2020-05-15T15:26:46.000Z,False,9,23,539,0,74,0,2,75,0,0,15,0,0,0,0,0,14,0,0,0,0,29,1
1263124524054216706,jomomeri99,2020-05-20T15:09:04.000Z,False,85,406,90,0,8,37236,2,11,0,0,3,0,0,1,0,0,1,0,0,0,0,5,1
1267202079346614276,_normaalejandra,2020-05-31T21:11:47.000Z,False,2119,183,2404,1,201,1062,231,2538,84,0,37,0,0,13,1,0,18,0,0,26,0,95,0
1267226937577127937,EmbaHndNic,2020-05-31T22:50:37.000Z,False,209,227,2164,6,409,7775,69,239,1,1,38,0,1,14,0,0,0,0,0,8,0,62,0
1297287054271885313,cocolabren,2020-08-22T21:40:41.000Z,False,0,15,113,0,24,2,0,4,0,0,13,0,0,0,0,0,7,0,0,0,0,20,1
1298642242362585089,Tierra_Pinolera,2020-08-26T15:24:00.000Z,False,531,255,323,0,58,908,330,2576,63,9,35,40,2,3,36,0,0,15,0,0,7,147,1
1300634202031951872,Julieth26003389,2020-09-01T03:19:15.000Z,False,20,20,18,0,2,0,0,0,0,0,0,0,0,0,0,0,0,0,0,0,0,0,1
1301281539976761347,ElComunistaCri1,2020-09-02T22:11:28.000Z,False,502,405,4663,3,858,28280,86,642,5,32,232,17,18,83,9,4,24,3,1,2,0,425,1
1301592455368896513,Amalia_UD,2020-09-03T18:46:47.000Z,False,416,452,884,1,149,4073,6,136,6,9,20,0,3,9,3,0,1,3,1,1,2,52,1
1301655091880095745,Norla12384564,2020-09-03T22:56:03.000Z,False,19,25,69,0,38,117,3,15,0,3,11,0,4,7,0,1,1,0,0,0,0,27,1
339771350,Kerry367,2011-07-21T16:44:52.000Z,False,549,320,21237,2,76,217367,18,94,0,0,21,0,0,13,0,0,6,0,0,10,0,50,0
351627162,ortegagleidys,2011-08-09T14:33:08.000Z,False,361,421,8364,0,225,0,0,2,0,0,15,0,0,0,0,0,0,0,0,0,0,15,0
354532707,GerardoRMartine,2011-08-13T21:51:13.000Z,False,676,685,36597,23,276,264,2,7,0,0,5,0,0,4,0,0,0,0,0,1,0,10,0
355772802,jacysweet,2011-08-15T21:31:03.000Z,False,63,324,215,0,7,1433,1,4,0,0,5,0,0,2,0,0,3,0,0,0,0,10,1
356321732,LaSantaOfficial,2011-08-16T17:40:56.000Z,False,1658,1393,22667,3,205,50688,64,344,3,3,74,0,1,32,1,2,35,2,0,14,1,165,1
1021096252027670528,LanuzaErnesto94,2018-07-22T18:14:52.000Z,False,200,178,4484,0,162,191370,36,167,3,4,23,4,1,11,2,3,12,3,1,16,1,81,1
1021578186646343680,LeonardoMenocal,2018-07-24T02:09:54.000Z,False,305,430,436,0,34,2166,1,23,1,0,7,4,0,7,0,0,0,0,0,3,0,21,1
1021596383521001472,Impablo505,2018-07-24T03:22:12.000Z,False,17,162,184,0,8,945,0,1,0,0,3,0,0,2,0,0,1,0,0,0,0,6,1
1021853266395770881,godblessfares,2018-07-24T20:22:58.000Z,False,11,247,100,0,1,0,0,0,0,0,0,0,0,0,0,0,0,0,0,0,0,0,1
1023039659214032896,LuisCar28050784,2018-07-28T02:57:16.000Z,False,5,30,48,0,1,0,0,0,0,0,0,0,0,0,0,0,0,0,0,0,0,0,1
28356616,amilcarkraudy,2009-04-02T15:24:01.000Z,False,648,650,3301,3,8,0,0,3,0,0,0,0,0,0,0,0,0,0,0,1,0,1,1
54043194,danmcanney,2009-07-05T23:41:00.000Z,False,130,212,3466,0,52,0,0,0,0,0,0,0,0,0,0,0,0,0,0,0,0,0,0
2293686960,montenegro7972_,2014-01-16T02:12:22.000Z,False,32,122,278,0,2,1,1,2,0,0,0,0,0,0,0,0,0,0,0,0,0,0,1
2327634439,1267MaryEve,2014-02-04T19:52:33.000Z,False,5,8,3,0,2,0,1,0,0,0,0,0,0,0,0,0,0,0,0,0,0,0,1
2330963739,JuancaLaca12,2014-02-07T22:48:12.000Z,False,1270,1247,15418,1,67,11157,6,131,3,0,5,0,0,1,0,0,4,0,0,2,0,12,1
2334373331,LferL08,2014-02-09T20:10:37.000Z,False,282,1357,5781,4,27,17349,3,43,1,1,10,0,1,9,0,0,1,0,0,5,0,27,1
2360059951,lgabaca,2014-02-24T21:30:28.000Z,False,92,373,436,0,4,63,1,8,0,0,1,0,0,1,0,0,0,0,0,0,0,2,1
2372352948,AniitaCenteno,2014-03-04T20:32:48.000Z,False,1282,629,37372,0,385,235138,48,1142,10,7,78,3,6,74,3,2,16,2,1,17,0,209,0
2411629453,wilce1989,2014-03-25T22:27:44.000Z,False,13627,10324,11200,0,1547,64291,1212,10251,72,10,255,11,1,16,4,10,197,8,0,40,3,555,1
2482232694,UnehNi,2014-05-07T14:38:28.000Z,False,108,236,110,1,13,0,0,4,0,0,0,0,0,0,0,0,0,0,0,0,0,0,1
2493540229,isrraleo,2014-05-13T21:28:19.000Z,False,1906,731,1329,2,8,2597,6,358,0,0,1,1,0,1,1,0,0,0,0,0,0,4,1
1123468447697055748,aj_varod27,2019-05-01T06:05:25.000Z,False,80,106,663,0,7,10,1,11,0,0,3,0,0,1,0,0,1,0,0,0,0,5,1
1125851251160289280,UNIdeNicOficial,2019-05-07T19:53:50.000Z,False,973,81,641,4,29,33,6,113,0,0,7,4,0,3,2,0,0,0,0,2,0,18,1
279335941,fjpaladino,2011-04-09T02:22:43.000Z,False,257,365,430,0,12,508,0,0,0,0,5,0,0,3,0,0,2,0,0,0,0,10,1
283134771,bryhey,2011-04-16T17:06:27.000Z,False,783,4984,5734,1,340,884363,17,58,0,3,109,0,2,93,0,0,0,0,0,2,0,209,1
1290191266534363136,CarlosM40720734,2020-08-03T07:42:40.000Z,False,60,270,121,0,11,6,0,13,0,0,5,1,0,1,1,0,3,0,0,0,0,11,1
1293355192075919361,Deysi84356279,2020-08-12T01:15:55.000Z,False,6,10,42,0,3,0,0,1,0,0,1,0,0,0,0,0,1,0,0,0,0,2,1
1294419979991945224,HillaryMariaana,2020-08-14T23:46:16.000Z,False,98,30,620,0,72,580,13,195,2,0,11,0,0,9,0,0,5,0,0,4,0,29,0
1294759427371933702,Sugeyling1,2020-08-15T22:14:55.000Z,False,133,153,79,0,10,28,0,11,0,2,1,1,2,1,1,0,0,0,0,0,0,8,1
1319525424599322625,DeLbpn,2020-10-23T06:26:18.000Z,False,249,40,485,1,139,424,4,129,2,3,21,9,2,6,0,0,0,0,0,2,0,43,1
819586837127766016,Gaby_SVargas,2017-01-12T16:48:23.000Z,False,65,229,873,0,62,44121,3,11,1,2,39,1,1,31,0,1,3,1,0,9,0,88,1
909983249715400706,PamelaArriaza3,2017-09-19T03:31:28.000Z,False,104,137,10306,0,523,1448830,52,510,10,2,171,2,2,187,2,0,6,0,2,18,0,392,1
918469695778455553,96AbelMatamoros,2017-10-12T13:33:34.000Z,False,44,69,3878,0,196,342116,12,10,0,1,42,1,0,31,0,1,11,1,0,7,0,95,1
601120046,NENABELLA77,2012-06-06T16:59:13.000Z,False,256,520,1267,0,10,0,0,3,0,0,2,0,0,0,0,0,2,0,0,0,0,4,1
607645560,CelesteOsgr_,2012-06-13T21:23:22.000Z,False,3351,270,9753,2,196,53860,64,889,12,0,41,0,0,16,0,0,18,0,0,25,0,100,0
613979079,DaryMBE,2012-06-21T00:57:03.000Z,False,284,277,8567,1,114,65093,18,39,0,1,36,2,1,27,0,1,9,2,0,5,0,84,1
627862067,CajinaCarmen,2012-07-06T00:08:45.000Z,False,922,1643,24716,6,203,21679,41,499,8,1,109,5,1,61,3,2,27,2,0,19,1,231,1
1546139215,JuanCarlosC_,2013-06-25T16:23:03.000Z,False,208,280,7840,2,339,295629,18,91,1,1,121,0,0,63,0,1,44,0,1,43,0,274,1
1573156352,anitaamaya5,2013-07-06T16:26:58.000Z,False,243,108,7259,0,4,0,4,31,0,0,1,0,0,0,0,0,1,0,0,0,0,2,1
1601786060,memelixoxo,2013-07-17T20:33:59.000Z,False,773,189,32984,1,343,1461477,140,452,0,2,109,1,2,91,0,0,25,0,1,11,0,242,0
1622139564,HnoAxel,2013-07-26T05:59:18.000Z,False,11647,182,12348,35,835,19358,2841,40887,562,2,285,11,2,38,6,2,163,7,1,18,4,539,0
1626651708,cavafe2599,2013-07-28T00:58:22.000Z,False,1500,352,1926,2,59,813,50,793,6,0,52,0,0,23,0,0,0,0,0,0,0,75,0
1060200880815915008,RHalleslevens,2018-11-07T16:02:42.000Z,False,158,86,145,0,5,1,2,22,0,0,1,0,0,0,0,0,1,0,0,0,0,2,1
1062648353501126656,RealDebian,2018-11-14T10:08:05.000Z,False,832,1418,4592,2,312,15870,83,217,11,5,53,2,1,24,0,3,20,2,0,6,0,116,1
1064071075972202496,Takajo11,2018-11-18T08:21:28.000Z,False,215,179,5199,0,5,253,0,0,0,0,5,0,0,4,0,0,0,0,0,0,0,9,1
1064612522022572038,GeovanniAceve10,2018-11-19T20:12:59.000Z,False,53,11,165,0,28,624,0,10,0,0,5,0,0,5,0,0,2,0,0,6,0,18,1
1064762332457459718,jcbadej,2018-11-20T06:08:17.000Z,False,22,231,812,0,42,55652,4,17,0,0,12,0,0,8,0,0,1,0,0,0,0,21,0
1112449200254582787,PaGustavo,2019-03-31T20:18:52.000Z,False,2,49,77,0,19,0,1,0,0,0,4,0,0,0,0,0,2,0,0,0,0,6,0
1118018745170112512,Keneth19355055,2019-04-16T05:10:15.000Z,False,0,40,8,0,3,0,0,0,0,0,0,0,0,0,0,0,0,0,0,0,0,0,1
1118362527698771968,Gyan_bm97,2019-04-17T03:56:19.000Z,False,160,166,2905,0,186,236788,33,201,4,1,27,0,1,29,0,0,2,0,2,14,0,76,1
1267508120030511104,evans_jarquin,2020-06-01T17:27:47.000Z,False,14,143,145,0,22,1,8,26,0,0,10,0,0,0,0,0,8,0,0,0,0,18,1
1267513719539544065,Douglas90563233,2020-06-01T17:50:11.000Z,False,3,55,25,0,3,30028,0,0,0,0,3,0,0,1,0,0,2,0,0,0,0,6,0
1267546052812591107,MaraJosDvilaRe1,2020-06-01T19:58:34.000Z,False,90,69,32,0,1,0,1,2,0,0,1,0,0,0,0,0,1,0,0,0,0,2,0
1267985628593086466,Osoriorevolucio,2020-06-03T01:05:25.000Z,False,492,333,587,0,64,537,14,461,13,11,54,26,5,9,7,3,5,3,3,1,4,131,1
1269281558936072193,LeclairRios,2020-06-06T14:56:33.000Z,False,36,308,46,0,20,2,3,5,1,1,25,0,0,0,0,1,12,0,0,0,0,39,1
1270612195970342913,EddyGeovannyDe1,2020-06-10T07:02:24.000Z,False,277,1262,2718,0,112,83487,6,37,0,5,27,1,3,22,0,4,3,1,1,14,0,81,0
1219765879715651585,XaviRiv30902255,2020-01-21T23:37:25.000Z,False,357,300,713,0,77,6,19,280,7,1,8,1,0,0,0,1,10,1,0,0,1,23,1
1222166942607446017,ncrz_10,2020-01-28T14:38:09.000Z,False,433,578,8690,1,1560,356622,645,5020,46,5,277,7,4,197,5,0,102,1,3,80,1,682,0
1223764199597379584,ToothFairy1996,2020-02-02T00:25:07.000Z,False,292,187,3487,0,393,305930,86,808,20,7,71,7,5,61,4,5,18,6,9,57,2,252,1
1225140411016138752,MlidaJos1,2020-02-05T19:33:57.000Z,False,610,1072,482,2,6,16,0,1,0,1,2,0,1,2,0,0,0,0,0,0,0,6,1
1226204364106346497,franval2802,2020-02-08T18:01:47.000Z,False,212,140,5355,0,510,168024,151,1191,25,4,83,9,5,63,9,0,23,0,3,39,2,240,1
1362008643835723779,AuxiliadoraUrb2,2021-02-17T11:59:28.000Z,False,0,0,1,0,1,0,0,1,0,0,0,0,0,0,0,0,0,0,0,0,0,0,0
1362233346307334147,_Gabriel13k,2021-02-18T02:52:06.000Z,False,1,52,65,0,45,168,0,13,0,0,1,0,0,1,0,0,0,0,0,0,0,2,1
1364010389575512067,FletesMontiel,2021-02-23T00:33:30.000Z,False,235,219,285,0,24,1437,1,20,0,4,5,3,4,5,0,0,0,1,0,3,0,25,1
1364985430148538369,RenGonz49182196,2021-02-25T17:07:59.000Z,False,8,89,5,0,4,0,1,2,0,0,1,0,0,0,0,0,1,0,0,0,0,2,1
1365058047463354375,HenryDuarteG01,2021-02-25T21:56:30.000Z,False,43,65,94,0,23,2258,5,34,0,2,3,1,2,2,0,1,1,1,0,0,0,13,1
1365125946928484356,Evangel92355874,2021-02-26T02:26:49.000Z,False,2,47,6,0,4,153,0,4,0,0,2,0,0,1,0,0,1,0,0,0,0,4,1
1365147632906158084,mafaLopez2,2021-02-26T03:52:26.000Z,False,122,143,911,0,165,258444,58,428,12,8,31,7,5,27,5,5,11,5,1,3,4,112,0
703800691,Christ_Bermejo1,2012-07-18T21:12:38.000Z,False,692,666,3913,0,16,4368,4,4,0,0,9,1,0,3,1,0,2,0,1,3,0,20,1
1311809713,mabel_aviles,2013-03-28T21:45:21.000Z,False,338,773,29820,2,1186,2592971,187,517,15,11,285,12,17,294,12,1,15,1,4,105,2,759,1
1326104911,gbaldelomarp101,2013-04-04T04:01:05.000Z,False,586,225,3236,3,108,5195,0,3,0,0,4,0,0,4,0,0,0,0,0,0,0,8,1
1378422710,NolanGarcia91,2013-04-25T01:54:50.000Z,False,6085,5952,73333,4,20383,1057094,3735,19791,351,126,2539,0,64,416,66,36,181,29,0,11,13,3481,1
1393462064,Xavy0610,2013-05-01T00:52:54.000Z,False,710,671,4637,1,192,569276,1,77,1,4,70,0,4,83,0,0,1,0,0,7,0,169,1
1069643615473991680,FabiS0318,2018-12-03T17:24:45.000Z,False,423,610,4970,1,405,31501,16,490,0,2,17,1,2,13,1,0,4,0,4,48,0,92,1
1072531350610165760,alexcastil8,2018-12-11T16:39:35.000Z,False,5,354,155,0,5,2,0,1,0,0,0,0,0,0,0,0,0,0,0,0,0,0,1
1075096668486418432,Lucasfar23,2018-12-18T18:33:14.000Z,False,43,202,1863,0,53,3,5,16,0,0,29,0,0,1,0,0,22,0,0,4,0,56,1
1081642628830167046,ferprzzzz,2019-01-05T20:04:33.000Z,False,111,775,1326,0,4,986,0,0,0,0,4,0,0,3,0,0,0,0,0,0,0,7,0
1081947745374621696,Pollito33591633,2019-01-06T16:16:58.000Z,False,52,264,1821,0,68,14081,0,13,0,0,53,0,0,33,0,0,15,0,0,0,0,101,0
1102694649016344576,Michael_J04,2019-03-04T22:17:46.000Z,False,22,116,76,0,6,141,0,1,0,0,2,0,0,1,0,0,0,0,0,0,0,3,1
1107785873087754241,NegroMercedes1,2019-03-18T23:28:28.000Z,False,8,139,223,0,5,0,0,2,0,0,3,0,0,0,0,0,2,0,0,0,0,5,1
1242501328443760640,MarioJoseCruzS1,2020-03-24T17:19:47.000Z,False,82,218,509,0,65,397,2,12,0,4,28,4,1,11,2,0,5,0,0,2,0,57,1
1245398407998574593,CristalCarranz8,2020-04-01T17:12:39.000Z,False,1,20,22,0,3,0,0,0,0,0,2,0,0,0,0,0,2,0,0,0,0,4,0
1246081568055099392,edoardozare,2020-04-03T14:26:21.000Z,False,223,240,357,0,34,2061,11,86,0,0,14,0,0,6,0,0,5,0,0,0,0,25,1
1346124580302282754,ENRIQUE39081917,2021-01-04T16:01:57.000Z,False,16,15,51,0,42,1616,1,1,0,4,12,1,6,12,0,0,1,1,0,0,0,37,1
1366199603914276867,RogerBR120903,2021-03-01T01:32:35.000Z,False,672,2383,2555,1,23,0,2,11,0,1,15,0,0,0,0,1,9,0,0,0,0,26,1
1368405172972630019,BlancoJarinton,2021-03-07T03:36:56.000Z,False,8,84,74,0,19,0,1,2,0,0,4,0,0,0,0,0,3,0,0,0,0,7,1
1015977537552429057,Leo26043124,2018-07-08T15:14:55.000Z,False,8,15,185,0,6,0,0,0,0,0,0,0,0,0,0,0,0,0,0,0,0,0,0
1016718787289247751,j_cesar96,2018-07-10T16:20:23.000Z,False,2420,1042,8691,0,271,427597,24,299,2,10,94,7,8,93,3,5,1,5,2,27,0,255,1
1005162594,UldivethR,2012-12-12T00:06:01.000Z,False,613,442,3800,0,54,63509,3,122,0,2,21,0,3,26,0,0,2,0,0,0,0,54,1
1009990092,escobartaniuska,2012-12-13T23:53:30.000Z,False,54,170,1543,0,47,82,9,12,0,1,12,0,1,0,0,0,11,0,0,10,0,35,1
1038571699,AzulyBlanco59,2012-12-27T02:01:40.000Z,False,65,216,1391,1,35,12,5,15,0,3,36,0,0,3,0,0,20,0,0,0,0,62,0
1071858792,KennethTellez28,2013-01-08T20:07:03.000Z,False,24,29,537,0,9,2,1,7,1,0,2,0,0,1,0,0,2,0,0,0,1,6,1
1105600470,Eduardoteruel_,2013-01-20T07:20:23.000Z,False,1327,845,18696,1,154,741975,72,458,14,5,64,10,1,48,7,5,18,5,1,9,1,174,1
1406446765,JRiv1905,2013-05-06T00:42:14.000Z,False,303,257,5586,0,153,49811,23,317,3,3,38,4,2,34,3,2,9,1,1,30,1,128,1
1416387379,Mrsonthe2000,2013-05-09T20:16:49.000Z,False,15,576,118,1,5,2277,0,0,0,0,5,0,0,4,0,0,0,0,0,0,0,9,0
1458155767,Pedro_Meza5,2013-05-25T21:55:23.000Z,False,381,755,61474,3,429,636532,27,225,3,2,101,2,1,60,1,1,30,1,1,48,1,249,1
1460290904,NxCx09,2013-05-26T18:08:51.000Z,False,888,1108,17933,0,31,91692,1,26,1,1,16,0,1,16,0,0,1,0,0,3,0,38,1
1490723718,Orlandinho021,2013-06-07T16:17:40.000Z,False,85,245,106,0,7,0,0,2,0,0,0,0,0,0,0,0,0,0,0,0,0,0,1
185395025,nicarlosc,2010-08-31T21:59:31.000Z,False,135,984,5903,1,64,25303,7,22,0,0,21,1,0,22,1,0,1,0,0,0,0,46,1
186525742,Petershot5,2010-09-03T18:01:12.000Z,False,326,1302,277,1,8,4,0,15,0,0,2,0,0,0,0,0,1,0,0,0,0,3,1
187379863,Ricko_2012,2010-09-06T02:05:32.000Z,False,374,1029,7805,2,290,160676,29,98,2,5,49,2,3,49,0,2,4,2,6,58,0,180,1
187709478,5huk,2010-09-06T23:30:43.000Z,False,320,684,9228,0,142,129632,76,146,4,0,54,0,0,25,0,0,30,0,0,2,0,111,0
1035574244254593026,007Darce,2018-08-31T17:05:14.000Z,False,13,63,68,0,1,0,0,0,0,0,1,0,0,0,0,0,1,0,0,0,0,2,1
1036815642329014272,AmoSPentecostal,2018-09-04T03:18:07.000Z,False,137,232,551,0,41,218,0,50,0,0,4,1,0,3,1,0,0,0,0,0,0,9,1
3083401537,frankcarcamo675,2015-03-15T03:38:43.000Z,False,148,357,725,0,33,15582,6,154,2,0,6,1,0,5,0,0,1,1,0,2,0,16,1
3186215346,flaviojavier96,2015-05-05T14:07:27.000Z,False,491,752,12534,0,27,127348,0,14,0,0,20,0,0,21,0,0,0,0,0,0,0,41,1
3186975031,davila_lyana,2015-05-06T18:15:07.000Z,False,35,116,208,0,1,1329,0,0,0,0,1,0,0,1,0,0,0,0,0,0,0,2,1
1258055086170832898,LeninYarince,2020-05-06T15:25:19.000Z,False,282,281,1790,0,154,1799,27,111,2,3,34,0,2,13,2,2,15,1,0,3,0,75,1
1258710267032211456,Antonio40731648,2020-05-08T10:48:32.000Z,False,25,37,35,0,6,0,0,1,0,0,0,0,0,0,0,0,0,0,0,0,0,0,1
1215453165610467333,___AlexM11,2020-01-10T02:00:06.000Z,False,134,158,1139,0,84,28568,2,38,5,0,17,0,0,18,0,0,6,0,0,3,0,44,1
1216540378813337602,Samanth07777076,2020-01-13T02:00:16.000Z,False,124,85,668,0,3,14947,1,1,0,0,2,0,0,2,0,0,1,0,0,0,0,5,1
1216808943344812034,vantemygs,2020-01-13T19:47:37.000Z,False,1086,1392,169113,21,24272,129373662,5697,20491,725,1,1517,0,1,1179,0,0,405,0,0,474,0,3577,0
883054457394802688,yordin_arias,2017-07-06T20:06:03.000Z,False,26,47,2089,0,32,6749,1,14,0,0,7,0,0,5,0,0,2,0,0,1,0,15,1
883862355469381632,kev_1209,2017-07-09T01:36:21.000Z,False,411,1798,34408,0,1800,27433620,23,909,28,8,1229,7,8,1291,6,3,7,3,1,6,1,2570,0
888571326407069696,byrogercitoqzd,2017-07-22T01:28:07.000Z,False,10,48,210,0,22,0,0,0,0,0,0,0,0,0,0,0,0,0,0,0,0,0,1
898760557150564352,Tani_G_,2017-08-19T04:16:29.000Z,False,209,165,153,0,36,54624,3,67,1,0,11,0,0,16,0,0,1,0,0,2,0,30,1
900974580730396672,david_benjamin2,2017-08-25T06:54:14.000Z,False,429,771,1863,0,197,139,134,627,6,5,20,9,0,1,5,5,15,6,2,11,1,80,1
964156593230303232,VolcanoHostel,2018-02-15T15:16:59.000Z,False,18,7,11,2,2,0,1,1,0,0,0,0,0,0,0,0,0,0,0,0,0,0,1
965779149095931904,hainner_rivas,2018-02-20T02:44:27.000Z,False,78,335,1981,0,3,974,1,2,0,2,1,1,0,1,0,1,0,1,0,0,0,7,1
979107612351500289,_LucyS29,2018-03-28T21:27:00.000Z,False,1717,380,5965,0,85,256976,2,125,3,4,47,0,4,49,2,0,1,1,0,0,1,109,1
983780299032145920,Marissa_molina1,2018-04-10T18:54:35.000Z,False,406,465,4091,0,169,126184,27,99,4,4,49,3,3,41,2,3,10,1,1,13,1,131,1
903107966,RhodesHorseman,2012-10-25T03:11:52.000Z,False,501,286,18515,1,958,5442921,434,2009,65,16,308,24,10,178,16,11,95,13,5,40,9,725,1
930861594,TijerinoAlberth,2012-11-07T00:45:29.000Z,False,369,1445,3860,0,96,169101,3,12,0,4,56,2,3,52,0,1,2,2,2,10,0,134,1
930913200,Dorianguzmn,2012-11-07T01:20:28.000Z,False,640,197,8533,1,185,151785,84,260,19,2,31,3,0,12,2,2,16,2,0,5,2,77,0
950627412,osnycabreja1,2012-11-15T23:24:30.000Z,False,465,1441,8049,2,318,52,0,3,0,0,11,0,0,2,0,0,0,0,0,0,0,13,0
99589055,damadeblanco,2009-12-26T22:46:26.000Z,False,1180,1256,12725,58,69,14585,9,16,1,0,11,0,0,6,0,0,3,0,0,1,0,21,0
106501150,t_enorio,2010-01-19T19:33:17.000Z,False,35,158,58,0,1,0,0,1,0,0,1,0,0,0,0,0,1,0,0,0,0,2,1
107179600,callmefredo_,2010-01-21T19:35:17.000Z,False,134,1012,1749,0,115,245859,8,28,0,5,47,0,1,40,0,2,11,1,1,10,0,118,1
107539301,Huguini_BL,2010-01-22T22:33:06.000Z,False,512,618,33030,7,1614,286598,588,2311,51,11,534,0,4,89,11,8,293,10,3,50,2,1015,1
110723242,DaniloR0berto,2010-02-02T15:08:55.000Z,False,1416,1235,48759,8,491,511572,38,271,2,13,168,6,11,145,0,4,16,6,0,10,0,379,1
117604372,Nirbeida,2010-02-26T01:48:55.000Z,False,243,1777,7748,1,485,4,0,7,0,0,29,0,0,0,0,0,0,0,0,0,0,29,0
2733244544,DavidDowns23,2014-08-15T00:47:32.000Z,False,46,40,406,0,15,66,1,0,0,0,2,0,0,1,0,0,1,0,0,0,0,4,1
4072928592,alanguerrero_99,2015-10-30T22:06:57.000Z,False,516,200,1362,1,89,18304,29,188,4,2,29,2,2,16,1,0,11,0,0,1,0,64,1
4129099572,RilopNic,2015-11-05T00:00:18.000Z,False,189,240,445,0,2,227,0,0,0,0,2,0,0,2,0,0,0,0,0,0,0,4,1
338500000,CarlosHurtadoP,2011-07-19T17:35:03.000Z,False,363,2451,6420,2,141,89134,22,34,0,1,40,1,0,12,0,0,9,1,0,7,0,71,0
1340054310399447043,JoseGui09220468,2020-12-18T22:00:32.000Z,False,278,468,382,0,74,13,6,60,0,2,20,1,0,1,0,2,16,1,0,0,0,43,1
1340336635423182848,HellenM13872545,2020-12-19T16:42:34.000Z,False,78,40,48,0,5,0,1,13,0,0,1,0,0,0,0,0,1,0,0,0,0,2,0
855682025973583872,1Thoalqarneen,2017-04-22T07:17:47.000Z,False,1027,1345,15691,0,121,1154,2,122,2,2,16,3,2,23,3,0,1,0,0,0,0,50,0
857255045896826880,BgbComercial,2017-04-26T15:28:24.000Z,False,47,229,51,0,3,0,0,0,0,0,0,0,0,0,0,0,0,0,0,0,0,0,1
858310331470422017,alejandro_png1,2017-04-29T13:21:44.000Z,False,728,475,7211,0,700,2318130,146,1295,18,19,221,0,20,215,3,6,41,6,2,67,2,602,1
859258025483350016,Jose_Geraldo14,2017-05-02T04:07:32.000Z,False,121,585,6251,0,144,110245,38,193,1,1,47,3,0,17,1,2,18,2,3,18,0,112,1
865210477584015362,Cjoota7,2017-05-18T14:20:27.000Z,False,505,530,637,0,57,59063,6,334,1,1,15,1,1,12,1,0,3,0,0,4,0,38,1
866484241948962816,SandovalThony,2017-05-22T02:41:56.000Z,False,258,1002,1591,0,122,8514,3,139,0,1,12,0,0,9,0,1,3,0,0,0,0,26,0
872702415421800448,juventusfc_nic,2017-06-08T06:30:44.000Z,False,2077,22,7545,19,917,1852,177,3419,94,8,40,32,5,17,24,1,4,7,0,0,0,138,1
929583168155475968,MeybolHernandez,2017-11-12T05:34:32.000Z,False,860,1008,6364,0,214,142800,26,252,1,7,94,4,7,87,2,3,14,1,1,3,0,223,1
1028407585479827456,ricardoburgalin,2018-08-11T22:27:30.000Z,False,136,128,1549,0,13,0,3,17,0,0,3,0,0,0,0,0,2,0,0,1,0,6,1
1321466194088570881,crenicaragua,2020-10-28T14:58:06.000Z,False,3511,2785,11643,1,2124,126577,667,15911,67,62,461,0,32,140,54,26,128,29,1,2,3,938,1
1322305712748376065,miguel_comunica,2020-10-30T22:33:52.000Z,False,12,66,50,0,10,7,3,4,0,0,2,0,0,2,0,0,1,0,0,1,0,6,1
1246810712,Soy_Gutty,2013-03-06T19:19:15.000Z,False,333,338,6827,0,487,167543,66,302,8,4,55,2,5,52,2,1,15,1,1,5,1,144,1
1041816135417651200,Jennifer_VR31,2018-09-17T22:28:17.000Z,False,926,398,2073,0,94,74402,7,211,3,1,22,3,0,20,3,1,3,1,0,6,1,61,1
1041848491708960769,anag_gl23,2018-09-18T00:36:51.000Z,False,1168,565,4781,0,200,100563,104,3143,67,0,73,0,0,34,0,0,31,0,0,10,0,148,0
1046140521230553089,hrdz_fernando,2018-09-29T20:51:51.000Z,False,52,314,137,0,3,166,0,0,0,0,1,0,0,2,0,0,0,0,0,0,0,3,1
1048851039586308097,osmanlauboniche,2018-10-07T08:22:29.000Z,False,291,1117,461,0,23,24,2,16,0,1,14,1,0,1,0,3,13,1,0,0,0,34,1
1048976505206976512,Cristianbaltom1,2018-10-07T16:41:02.000Z,False,26,217,184,0,17,179,4,6,0,0,3,1,0,1,1,0,2,0,0,2,0,10,1
1083867965060202497,Vanessa81438422,2019-01-11T23:27:14.000Z,False,12,93,41,0,2,0,0,0,0,0,2,0,0,0,0,0,2,0,0,0,0,4,1
1094351131495579648,KarlaJavieraMa2,2019-02-09T21:43:36.000Z,False,52,170,171,0,19,25850,0,29,0,1,4,0,1,3,0,0,0,0,0,0,0,9,1
1246964340835725315,abikeyru,2020-04-06T00:54:50.000Z,False,12,134,484,0,64,8286124,0,54,0,0,16,0,0,16,0,0,1,0,0,1,0,34,0
1248127509817954305,JuanaAureliaMa5,2020-04-09T05:56:32.000Z,False,136,131,383,0,88,61,13,363,3,15,56,13,1,2,5,2,2,2,0,0,0,98,1
1251533032445685761,Floressl21,2020-04-18T15:28:35.000Z,False,162,89,78,0,20,7985,1,119,0,1,4,0,0,3,1,1,0,1,0,0,0,11,1
1358528932488900611,AmyVariedades,2021-02-07T21:32:16.000Z,False,10,105,12,0,11,7678,0,1,0,0,6,0,0,3,0,0,0,0,0,0,0,9,1
1358845717238972416,Alex89653617,2021-02-08T18:31:16.000Z,False,6,63,18,0,6,0,2,2,0,0,2,0,0,0,0,0,0,0,0,0,0,2,1
1358938872353325056,ValdiviaEm,2021-02-09T00:41:03.000Z,False,25,27,111,0,39,5643,9,91,4,0,4,0,0,3,0,0,4,0,0,1,0,12,1
1359108722036006913,amaurysanchezzz,2021-02-09T11:56:18.000Z,False,30,44,157,0,19,21,1,5,1,0,5,0,0,2,0,1,2,0,0,1,0,11,0
1200607877913812993,SandraP21214275,2019-11-30T02:50:19.000Z,False,152,100,622,0,58,11172,4,103,1,0,8,0,0,5,0,0,2,0,0,0,0,15,1
1203092034220896256,yosseli26507934,2019-12-06T23:21:24.000Z,False,49,123,284,0,26,12328,11,15,0,0,7,0,0,4,0,0,4,0,0,3,0,18,1
1208085036219686914,YaritzaQuezad14,2019-12-20T18:01:45.000Z,False,11,75,9,0,3,0,1,3,0,0,1,0,0,0,0,0,1,0,0,0,0,2,1
1230632146861273096,soza_rosemary,2020-02-20T23:15:56.000Z,False,82,250,890,0,80,250424,11,68,1,0,24,1,0,23,1,0,5,0,0,7,0,61,1
1233499594299977729,SimboloRev1979,2020-02-28T21:10:35.000Z,False,575,654,1748,0,224,1589,182,1222,45,13,37,13,11,20,13,0,0,4,0,0,0,111,1
1235051095841439747,IrvingZapata_96,2020-03-04T03:55:23.000Z,False,4126,1202,696,4,59,8,38,1089,2,3,5,5,0,0,2,3,5,3,0,0,2,28,1
1235207674972778497,RaquelEoreno,2020-03-04T14:18:45.000Z,False,405,150,2870,0,304,650368,19,281,5,4,139,0,7,151,0,0,5,0,0,1,0,307,1
988096236438867968,AlfLDR1,2018-04-22T16:44:35.000Z,False,168,276,945,0,83,21502,21,44,5,4,12,3,2,3,3,3,1,3,1,2,2,39,1
988564819312873473,Cachorrofsln,2018-04-23T23:46:34.000Z,False,670,1837,3917,0,8,191,0,0,0,1,6,3,0,6,0,0,0,0,0,0,0,16,1
989922886130466817,GaitanJunnieth,2018-04-27T17:43:02.000Z,False,36,210,780,0,44,2792,9,47,0,2,9,2,1,5,0,1,2,2,0,3,0,27,1
989996977227227138,BlandonJhosue,2018-04-27T22:37:27.000Z,False,173,296,1548,0,72,131021,0,31,0,2,27,0,2,36,0,0,0,0,0,10,0,77,1
992524761707237376,LENFOX,2018-05-04T22:01:58.000Z,False,5,176,67,0,4,0,0,0,0,0,1,0,0,0,0,0,0,0,0,0,0,1,0
992596621316775938,MariaLu45289996,2018-05-05T02:47:30.000Z,False,36,122,306,0,121,73107,14,94,2,0,29,0,0,23,0,0,8,0,1,15,0,76,1
1337446263013445635,DominguezJefri,2020-12-11T17:17:08.000Z,False,2,79,16,0,8,91,0,3,0,0,3,0,0,1,0,0,1,0,0,0,0,5,1
13921242,gozARTE,2008-02-25T00:49:25.000Z,False,8385,3578,30772,245,77,96,1,29,2,0,14,0,0,6,0,0,2,0,0,2,0,24,0
17721844,SICR,2008-11-28T22:44:55.000Z,False,432,221,2791,2,5,0,2,7,0,0,0,0,0,0,0,0,0,0,0,0,0,0,1
1668187435,CCNNManagua,2013-08-13T15:57:53.000Z,False,2085,255,2648,0,43,204,1,31,0,0,6,2,0,3,2,0,1,0,0,1,0,15,1
1684293901,Rolocenteno,2013-08-19T21:55:08.000Z,False,270,1085,1367,0,68,84870,1,78,0,3,28,0,3,26,0,0,2,0,0,3,0,65,1
1891107552,SomotoCanyon1,2013-09-21T19:07:20.000Z,False,781,778,928,24,1,1,0,2,0,0,0,0,0,0,0,0,0,0,0,1,0,1,1
1894441754,Atontellez29,2013-09-22T17:11:44.000Z,False,543,647,19554,0,52,471,7,35,4,1,4,1,1,3,1,1,2,1,1,0,1,17,1
1898835098,unknownmiau,2013-09-24T00:53:45.000Z,False,331,329,3328,0,87,664652,0,17,0,1,57,0,2,63,0,0,0,0,0,1,0,124,1
1913320069,Noragami02_,2013-09-28T06:08:13.000Z,False,677,378,14480,4,389,1099761,113,567,9,6,149,11,5,110,8,5,43,5,1,22,2,367,1
2916600288,drjerryba10,2014-12-02T13:37:41.000Z,False,103,387,5433,1,92,73707,17,63,0,0,81,0,0,34,0,0,24,0,0,3,0,142,1
2941544698,IkerCaldera15,2014-12-26T00:15:38.000Z,False,786,801,418,1,11,7,0,20,0,3,11,0,0,2,0,1,0,0,0,1,0,18,1
3019304540,xmxdor,2015-02-14T07:52:26.000Z,False,724,63,3457,1,21,7,3,16,0,1,4,0,1,1,1,1,2,0,0,0,0,11,1
1163516871842422784,Melpz96,2019-08-19T18:24:07.000Z,False,51,121,359,0,50,549,39,99,0,2,7,2,0,1,0,2,5,2,0,1,0,22,1
1172584890816192512,nicreativa,2019-09-13T18:56:48.000Z,False,803,85,1338,3,93,183,2,84,0,10,21,5,4,4,2,0,0,0,2,1,0,49,1
201058309,zancudomusica,2010-10-11T00:01:39.000Z,False,1214,2773,21446,0,92,4754,0,11,0,0,10,0,0,4,0,0,0,0,0,0,0,14,0
208759259,OSXAVI,2010-10-27T22:10:55.000Z,False,348,597,1294,0,76,1285,5,11,0,15,70,1,2,15,0,3,13,1,0,0,0,120,1
211937846,lufelohez,2010-11-04T17:59:41.000Z,False,301,500,980,11,5,15,0,0,0,0,7,0,0,2,0,0,1,0,0,0,0,10,1
212278394,alexraitt7,2010-11-05T16:50:21.000Z,False,584,574,2522,3,5,591,0,0,0,0,2,0,0,1,0,0,0,0,0,1,0,4,1
1273222305527877632,EmilioMenaSilv1,2020-06-17T11:54:00.000Z,False,67,200,29,0,16,9,1,1,0,1,1,0,1,0,0,1,0,0,0,0,0,4,1
1274536909008769025,Moraayesta_,2020-06-21T02:57:48.000Z,False,427,306,2305,0,578,437362,190,1311,12,15,111,10,12,120,5,4,20,4,5,16,3,325,1
1277815715387650049,scarRamiro1,2020-06-30T04:06:32.000Z,False,1082,382,852,0,13,693,4,32,0,1,5,1,0,2,0,1,3,1,0,0,0,14,1
1280203316920832001,CDelafinca,2020-07-06T18:14:25.000Z,False,40,1,204,0,47,0,0,3,0,0,4,0,0,0,0,0,0,0,1,0,0,5,1
1303802954143666176,DeylingRojas2,2020-09-09T21:10:45.000Z,False,3,42,3,0,1,0,0,21,0,0,1,0,0,0,0,0,1,0,0,0,0,2,0
1306531386103398400,OsmarantonioRo6,2020-09-17T09:52:25.000Z,False,130,168,457,0,9,19028,0,0,0,0,2,0,0,2,0,0,0,0,0,0,0,4,1
1308631730329444352,LillyHond,2020-09-23T04:58:22.000Z,False,23,191,675,0,99,137935,0,13,0,1,32,0,1,34,0,0,3,0,0,7,0,78,0
374773688,max251186,2011-09-16T22:39:11.000Z,False,17,220,697,0,73,21863,5,17,0,1,30,0,1,13,0,1,16,0,0,0,0,62,1
374917359,zurdoliamz,2011-09-17T05:45:23.000Z,False,396,2338,9999,5,61,136020,1,2,0,0,36,0,0,33,0,0,2,0,0,0,0,71,0
376324661,JordannyGlez,2011-09-19T17:54:19.000Z,False,235,457,7850,3,23,246,1,2,0,0,4,0,0,2,0,0,1,0,0,0,0,7,1
378920135,drCarSanchezS,2011-09-24T01:51:06.000Z,False,5561,5158,27316,9,132,3858,34,929,22,0,121,0,0,18,0,0,8,0,0,0,0,147,0
386545265,FaustoTerceroP,2011-10-07T13:33:09.000Z,False,1241,720,15544,9,103,145937,3,71,1,2,47,0,2,37,0,0,1,0,0,9,0,98,1
391868766,EvanCuyck,2011-10-16T06:49:24.000Z,False,133,208,6240,1,157,126942,34,77,0,2,81,1,1,38,0,0,30,1,0,15,0,169,0
392090248,kennethahmed10,2011-10-16T14:55:49.000Z,False,244,181,11858,1,39,40410,10,22,0,2,17,1,1,10,0,1,2,1,0,2,0,37,1
395635862,Ferse93,2011-10-22T00:22:58.000Z,False,133,854,1897,0,82,177516,2,6,0,0,56,0,0,45,0,0,5,0,0,0,0,106,1
463162971,wilber_ede,2012-01-13T20:03:58.000Z,False,116,757,871,0,91,407,0,4,0,0,1,0,0,2,0,0,0,0,0,0,0,3,0
472852214,EledaTransporte,2012-01-24T11:11:42.000Z,False,40,86,105,0,3,216,0,0,0,0,1,0,0,1,0,0,0,0,0,0,0,2,1
475152634,Saul_ub,2012-01-26T19:01:34.000Z,False,337,391,332,0,5,10725,0,4,0,2,14,1,0,2,0,1,0,0,0,0,0,20,1
1326943082999328774,Aby01660266,2020-11-12T17:41:31.000Z,False,41,48,92,0,40,294,2,90,2,1,8,1,1,8,1,0,1,0,0,0,1,22,1
1326964277090127878,MelvinP77460152,2020-11-12T19:06:06.000Z,False,71,106,104,0,54,75,4,163,3,5,13,6,1,0,6,1,1,1,1,0,0,35,1
121929892,AChavezRojas,2010-03-11T02:12:49.000Z,False,364,205,22361,3,29,17918,4,3,0,1,24,1,0,17,0,0,3,1,0,0,0,47,1
125226956,viescaarmando,2010-03-22T03:54:09.000Z,False,78,204,1275,1,26,1,0,3,0,0,2,0,0,0,0,0,2,0,0,0,0,4,0
2546832672,NicaEnturcado,2014-06-04T21:08:24.000Z,False,125,449,491,1,1,0,0,1,0,0,0,0,0,0,0,0,0,0,0,0,0,0,1
2571527008,jaimenarvas,2014-05-30T02:28:45.000Z,False,760,403,3243,5,181,39544,42,462,7,1,63,4,1,48,3,1,12,2,0,7,1,143,1
2645398457,AlvaradoHextor,2014-06-27T00:12:41.000Z,False,181,314,444,2,10,0,1,17,0,1,7,0,0,0,0,1,5,0,0,0,0,14,1
2679875550,victorIdenic,2014-07-25T15:52:06.000Z,False,1835,1360,3099,0,34,16199,18,347,1,2,10,3,0,1,1,2,6,2,1,3,1,32,1
1137742327320076288,Alejand96744018,2019-06-09T15:24:43.000Z,False,847,1783,97,0,11,0,0,20,0,0,9,0,0,0,0,0,4,0,0,0,0,13,1
1148623363717435392,GiocondaValle2,2019-07-09T16:02:05.000Z,False,35,133,55,0,5,0,2,1,0,0,2,0,0,0,0,0,2,0,0,0,0,4,1
792009161311555584,anaaaaa_marian,2016-10-28T14:24:33.000Z,False,894,259,4912,0,240,163783,141,600,6,0,46,1,0,21,1,0,23,0,0,8,0,100,0
796004951126372352,YokabViG,2016-11-08T15:02:24.000Z,False,87,311,1684,0,249,58425,45,83,1,7,48,1,8,44,0,2,6,1,1,19,0,137,0
715084846616457217,loaisigaNic,2016-03-30T07:54:47.000Z,False,269,807,742,0,27,55,27,249,4,2,12,1,1,1,0,2,3,1,0,0,0,23,1
722151145515454464,LuisIza70,2016-04-18T19:53:44.000Z,False,801,559,10276,0,464,1950118,45,400,19,18,166,11,17,173,6,6,14,7,0,17,6,441,1
724225674609750016,cfblanco11,2016-04-24T13:17:11.000Z,False,354,588,1583,0,185,2673,1,17,0,21,104,0,16,31,0,0,10,0,7,21,0,210,1
730611985805541376,luciacanales145,2016-05-12T04:14:06.000Z,False,611,193,19390,0,154,62479,37,90,1,6,39,1,5,35,0,1,4,1,0,17,0,109,0
731509324909023232,JoselingOrdean3,2016-05-14T15:39:48.000Z,False,273,231,10676,1,124,52382,8,70,0,0,70,0,2,75,0,0,6,0,1,7,0,161,1
801120808361979908,chayito_orozco_,2016-11-22T17:50:59.000Z,False,2,57,501,0,59,1020,0,10,0,2,32,0,2,4,0,2,20,0,1,1,0,64,1
801931693502427137,Mojit022,2016-11-24T23:33:09.000Z,False,3123,398,11935,0,840,2995484,142,4342,38,10,240,16,9,232,11,3,34,5,9,143,4,716,1
804471061379239938,rmauro997,2016-12-01T23:43:42.000Z,False,53,112,30,0,4,0,0,0,0,0,2,0,0,0,0,0,1,0,0,0,0,3,1
1196121014356369410,megbougle,2019-11-17T17:40:59.000Z,False,59,93,655,0,53,132506,4,62,3,2,22,1,0,20,1,2,3,0,0,1,0,52,1
1196865555216715777,JosueEscobarPe1,2019-11-19T18:59:27.000Z,False,16,249,6,0,2,0,0,0,0,0,0,0,0,0,0,0,0,0,0,0,0,0,0
1197226725597421569,Ferrami65313862,2019-11-20T18:54:43.000Z,False,195,148,975,0,24,99559,2,23,0,0,12,0,0,12,0,0,2,0,0,0,0,26,1
1197750658033750016,Edinson303,2019-11-22T05:36:37.000Z,False,154,194,399,0,56,19593,0,37,1,2,22,0,2,25,0,0,0,0,0,4,1,56,1
1199538074407120896,jigm28,2019-11-27T03:59:08.000Z,False,162,202,546,0,12,7666,3,6,0,0,10,0,0,6,0,0,2,0,0,1,0,19,0
764490959128109056,Rugonza95,2016-08-13T15:57:03.000Z,False,505,630,2670,0,135,87497,14,660,2,3,39,1,4,40,1,0,2,0,0,4,0,94,1
771008092863627265,camilo_membreno,2016-08-31T15:33:49.000Z,False,1215,2146,7826,2,415,7228,254,56,15,8,67,14,6,31,1,2,22,3,1,0,2,157,1
773665146359123968,EleazarRojasb,2016-09-07T23:31:59.000Z,False,136,401,103,0,13,0,0,11,0,0,0,0,0,0,0,0,0,0,0,5,0,5,1
1181274806987169793,tavit01,2019-10-07T18:27:22.000Z,False,468,357,2153,0,366,684692,76,676,14,1,92,2,1,105,1,1,14,1,1,4,1,224,1
1187097783062466561,StephanieR_15,2019-10-23T20:05:59.000Z,False,869,258,8715,0,598,1446649,18,1188,13,10,219,7,12,253,6,2,5,2,3,31,2,552,1
1187564778895630341,OfferEddy,2019-10-25T03:01:49.000Z,False,40,452,108,0,11,13,74,98,11,0,11,0,0,1,0,0,8,0,0,0,0,20,1
4750832485,jorobado2626,2016-01-13T01:26:53.000Z,False,45,884,732,0,1,0,0,0,0,0,0,0,0,0,0,0,0,0,0,0,0,0,1
706150559527653377,Cuadra7Luis,2016-03-05T16:13:07.000Z,False,257,359,9612,0,202,134412,28,188,3,3,83,1,5,67,0,1,16,1,1,13,0,191,1
