author_id,username,created_at,verified,followers,following,tweet_count,listed_count,cant_tweets_muestra,rt,vreplicas,likes,rtquotes,menciones_a_In,menciones_a_Out,menciones_de_In,rt_a_In,rt_a_Out,rt_de_In,rp_a_In,rp_a_Out,rp_de_In,rq_a_In,rq_a_Out,rq_de_In,Actividad,paisSN
239216685,Ronald_Sterkel,2011-01-17T03:13:07.000Z,False,54,337,582,0,5,0,0,0,0,0,5,0,0,0,0,0,4,0,0,0,0,9,1
241403802,UgFabio,2011-01-22T05:04:02.000Z,False,65,219,336,2,14,0,3,12,0,4,6,1,0,0,0,4,3,1,0,0,0,19,1
247075946,YSLGSL,2011-02-04T01:32:51.000Z,False,2899,176,67235,0,204,1083100,9,113,19,0,82,0,0,84,0,0,10,0,0,3,0,179,0
2327295104,Johasacaquirin,2014-02-04T15:29:34.000Z,False,27,272,109,0,1,0,0,0,0,0,0,0,0,0,0,0,0,0,0,0,0,0,0
2347541930,vivo1982,2014-02-16T22:48:30.000Z,False,561,551,32332,6,1289,26056,436,1428,25,121,266,67,39,96,7,92,136,58,9,48,9,948,1
2357725089,AndreySerrano5,2014-02-22T02:20:35.000Z,False,694,1404,1231,2,32,601,5,39,1,3,9,1,2,3,0,1,6,1,2,4,0,32,1
296355431,ferlin_fuentes,2011-05-10T16:31:35.000Z,False,20162,1904,52872,58,1348,13617,2407,40443,421,76,213,224,35,91,67,32,85,143,11,44,63,1084,1
299934602,sertony_dg,2011-05-16T22:45:38.000Z,False,468,459,873,0,20,45925,0,0,0,6,13,0,5,11,0,1,0,0,0,0,0,36,1
762520206,nunez_lara,2012-08-16T23:15:06.000Z,False,338,427,19513,4,425,3926,94,205,5,0,147,0,0,48,0,0,43,0,0,7,0,245,0
788140748,casasolag,2012-08-29T00:07:41.000Z,False,4268,1861,32421,22,1123,1201166,799,9132,107,62,269,175,27,123,64,40,107,89,19,85,16,1076,1
91864511,by_abarca,2009-11-22T20:43:32.000Z,False,137,167,870,0,6,4872,0,0,0,0,5,0,0,5,0,0,0,0,0,0,0,10,1
93476447,resourcedepot,2009-11-29T20:49:54.000Z,False,1005,1289,2059,21,46,0,0,1,0,0,4,0,0,0,0,0,0,0,0,0,0,4,0
129654690,pereiragu,2010-04-05T01:06:33.000Z,False,104,1111,611,0,8,57,0,2,0,0,10,0,0,2,0,0,3,0,0,1,0,16,0
130862868,blop03,2010-04-08T15:11:49.000Z,False,148,375,6151,2,151,32127,78,102,0,35,83,13,6,14,0,14,46,12,1,3,0,227,1
1350576968635478017,GaryJos7,2021-01-16T22:53:48.000Z,False,3,87,9,0,1,0,0,0,0,0,1,0,0,0,0,0,1,0,0,0,0,2,1
155383560,danzSTEP,2010-06-14T00:37:46.000Z,False,249,219,2846,7,12,0,0,0,0,0,0,0,0,0,0,0,0,0,0,0,0,0,0
1048647463,kendall19_98,2012-12-30T19:25:46.000Z,False,89,123,1095,0,39,7294,10,13,0,6,19,2,1,3,0,2,11,2,1,1,0,48,1
1112635152,alexadms13,2013-01-22T21:10:04.000Z,False,419,172,788,3,5,0,0,30,0,0,0,0,0,0,0,0,0,0,0,0,0,0,1
1166317682,ShakiiraB,2013-02-10T16:10:35.000Z,False,58,91,69,0,1,7,0,0,0,0,1,0,0,1,0,0,0,0,0,0,0,2,1
3228274705,Rebe_R11,2015-05-27T13:24:14.000Z,False,89,390,2637,0,19,247,0,8,0,0,1,0,0,2,0,0,0,0,0,0,0,3,1
1526215040,xleonor98,2013-06-17T23:50:14.000Z,False,707,599,22379,1,325,2119506,61,199,1,3,180,1,2,176,0,1,12,1,1,44,0,421,1
1553286444,LindaWestonpdx,2013-06-28T15:06:46.000Z,False,1719,1215,43833,172,3184,10271549,300,7141,10,1,1444,0,1,680,0,0,458,0,0,139,0,2723,0
554504816,bunch_jason,2012-04-15T17:28:50.000Z,False,113,560,1464,2,16,0,0,3,0,0,17,0,0,0,0,0,1,0,0,0,0,18,0
391807089,qkmontoya,2011-10-16T04:05:05.000Z,False,157,839,1762,1,82,2979,46,331,17,14,46,15,5,8,6,7,24,6,2,5,4,142,1
66005040,ran_vega,2009-08-15T23:47:29.000Z,False,447,339,17648,6,33,12486,6,70,1,4,20,0,1,6,0,0,7,0,1,3,0,42,1
67440772,DeemBanton,2009-08-20T22:12:50.000Z,False,956,662,1063,0,46,3,3,7,5,0,4,0,0,0,0,0,5,0,0,1,0,10,0
87731813,MauSanchez007,2009-11-05T17:01:56.000Z,False,538,368,4824,1,92,159331,38,201,0,4,39,0,4,24,0,0,14,0,1,5,0,91,1
92676768,angelicasolera,2009-11-26T03:39:46.000Z,False,11,120,79,0,4,118,0,5,0,1,3,0,0,1,0,1,2,0,0,0,0,8,1
453138146,ACarbaja,2012-01-02T16:33:15.000Z,False,377,189,5959,0,139,66619,31,185,3,1,21,0,1,14,0,0,9,0,0,7,0,53,1
467113711,AndreaMeza76,2012-01-18T04:02:44.000Z,True,6490,1453,3783,54,201,13015,47,1478,23,14,147,42,5,77,16,1,15,3,2,18,6,346,1
782788790498701312,Jose_ec98,2016-10-03T03:46:05.000Z,False,181,152,1212,0,10,1935,0,5,0,1,2,0,0,1,0,1,0,0,0,2,0,7,1
252844291,pelutty,2011-02-16T01:18:54.000Z,False,26,384,213,0,2,0,0,0,0,0,1,0,0,0,0,0,1,0,0,0,0,2,1
252870937,banconacionalcr,2011-02-16T02:38:13.000Z,True,73182,55449,97756,95,1092,147,355,1012,35,96,220,1,6,6,19,92,167,63,0,1,9,680,1
258141484,AleksCastillo11,2011-02-27T02:00:30.000Z,False,2789,936,4623,28,11,1679,0,1,0,0,6,0,0,5,0,0,0,0,0,0,0,11,0
2698617859,mua253,2014-08-01T15:59:00.000Z,False,409,335,26838,3,664,4139,190,554,3,35,84,21,1,6,1,33,61,20,0,0,1,263,1
2700872377,metromagazzin,2014-08-02T13:32:04.000Z,False,516,2209,41457,2,2634,69427,35,453,5,2,585,1,0,87,1,0,15,0,0,0,0,691,0
1223377275934126082,thisisjuanpad,2020-01-31T22:47:40.000Z,False,58,157,345,0,11,476,4,11,0,0,3,0,0,2,0,0,1,0,0,0,0,6,1
809410165,ranmurillo,2012-09-07T18:53:48.000Z,False,1416,1183,5447,5,22,229,25,268,4,2,9,12,0,4,5,1,3,7,0,0,0,43,1
823704931,JuanMa90_sg,2012-09-14T17:53:38.000Z,False,632,1195,8316,2,18,0,0,1,0,0,0,0,0,0,0,0,0,0,0,0,0,0,1
1090398816,13549711,2013-01-14T23:01:00.000Z,False,9,60,132,0,47,4,4,30,0,9,13,1,0,1,1,5,10,0,0,0,0,40,1
1281944894,RichardEsNet,2013-03-20T01:00:25.000Z,False,164,166,6626,9,44,104932,2,2,0,0,5,0,0,5,0,0,1,0,0,1,0,12,0
136717878,vhann14,2010-04-24T18:20:17.000Z,False,518,773,4735,5,49,7551,2,12,0,1,21,0,0,16,0,1,6,0,0,3,0,48,1
140127869,TimmyTheTruth,2010-05-04T17:24:22.000Z,False,244,337,13403,3,289,383403,91,148,1,0,134,0,0,49,0,0,48,0,0,44,0,275,0
1351965428327862272,gabrielmarlin91,2021-01-20T18:51:01.000Z,False,13,102,431,0,62,156587,5,22,0,5,24,1,4,17,0,1,2,1,0,4,0,59,1
1127000310940143618,KevinFonsecaJi1,2019-05-10T23:59:47.000Z,False,41,113,2711,0,253,41174,54,125,5,16,74,5,3,18,0,9,39,4,5,36,0,209,1
2363706087,StanleyRicoR,2014-02-24T21:28:21.000Z,False,559,593,6550,0,2065,1240501,387,1262,9,1,532,0,0,93,0,0,369,0,0,119,0,1114,0
947163138839007234,fabian_cerdasr,2017-12-30T17:51:04.000Z,False,1441,676,16296,5,1040,270463,681,3568,19,3,344,3,0,95,2,1,174,1,2,80,0,705,1
2300368461,CeciRojasSal,2014-01-24T00:06:02.000Z,False,1458,656,4492,36,2,2,0,28,0,0,0,3,0,0,0,0,0,0,0,0,0,3,1
548690873,AnjandBunny,2012-04-08T20:21:46.000Z,False,606,1336,42,1,1,0,0,1,0,0,0,0,0,0,0,0,0,0,0,0,0,0,1
264252583,LEIVACR,2011-03-11T16:01:38.000Z,False,35,194,429,0,23,228900,0,1,0,2,13,0,1,11,0,0,4,0,0,0,0,31,1
1251180697613750275,PastorJuanMigu1,2020-04-17T16:08:46.000Z,False,2,90,79,0,1,19,0,0,0,1,0,0,1,0,0,0,0,0,0,0,0,2,1
793600535085678592,PaitaOnLine,2016-11-01T23:48:06.000Z,False,42,135,1889,0,138,368292,25,55,1,0,132,1,0,11,1,0,53,0,0,15,1,214,0
1339840556,Pilita_Mendez,2013-04-09T18:10:01.000Z,False,66,214,175,1,4,75,2,3,0,1,2,0,1,1,0,0,0,0,0,2,0,7,1
236129457,jabellan7,2011-01-09T21:44:03.000Z,False,91,168,5781,0,122,2337282,2,9,0,5,92,0,5,80,0,1,10,0,0,0,0,193,0
255126159,MLuisaCrz,2011-02-20T18:44:05.000Z,False,306,195,4196,0,76,6278,4,125,0,6,15,2,7,10,1,1,5,1,3,4,0,55,1
142306651,Angelino_Garzon,2010-05-10T14:37:54.000Z,False,202076,851,3808,857,63,2536,2914,8042,441,0,5,0,0,0,0,0,3,0,0,0,0,8,0
146242683,ElyPadra,2010-05-20T23:37:08.000Z,False,283,291,9606,3,6,1371,0,0,0,0,2,0,0,2,0,0,0,0,0,3,0,7,1
473292498,allanmartinezcr,2012-01-24T20:43:53.000Z,False,3459,1198,31332,15,644,118340,272,2286,45,57,164,59,12,38,24,26,59,47,4,28,8,526,1
336233380,Mazy_Flores,2011-07-15T23:34:24.000Z,False,475,396,6526,4,42,1346,8,40,0,0,31,0,0,6,0,0,8,0,0,3,0,48,0
342490901,_darth_bryan_,2011-07-26T02:59:18.000Z,False,506,594,45015,0,368,231021,106,649,50,23,96,30,17,67,21,8,26,8,15,43,7,361,1
1176277233352302595,JoselyneMonge,2019-09-23T23:29:14.000Z,False,25,158,110,0,1,0,0,0,0,1,1,0,0,0,0,0,0,0,0,0,0,2,1
1729967742,cosmicshanti,2013-09-04T21:51:54.000Z,False,194,114,3325,7,109,119,0,19,0,0,12,0,0,1,0,0,10,0,0,0,0,23,0
1735267386,Seiden_1501,2013-09-06T14:33:05.000Z,False,128,640,4594,0,147,92936,33,67,2,4,36,1,2,26,0,2,13,1,0,15,0,100,1
1766659406,dvargas1926,2013-09-07T18:54:54.000Z,False,133,632,1088,2,26,1957,5,9,0,1,7,1,0,1,0,1,3,1,0,2,0,17,1
1830992869,GIUSEPPECACACE8,2013-09-08T15:52:49.000Z,False,590,707,4287,2,79,695,3,14,0,0,14,0,0,10,0,0,2,0,0,1,0,27,1
816254331729182721,cazador_noc,2017-01-03T12:06:12.000Z,False,198,333,611,0,117,927,5,64,4,2,55,2,1,10,2,1,31,1,1,4,2,112,1
116339136,nikkyrouge,2010-02-22T03:15:34.000Z,False,2220,870,60968,10,921,528420,642,3692,51,38,170,64,9,38,25,30,105,41,12,48,9,589,1
116974596,jesmpr,2010-02-24T04:18:51.000Z,False,10437,11094,30857,29,21,489,1,9,0,0,16,0,0,6,0,0,2,0,0,0,0,24,1
501756482,aseguraa10,2012-02-24T13:04:31.000Z,False,969,607,11614,2,435,142320,104,4531,34,2,64,30,3,38,30,1,32,0,1,9,3,213,1
1351285395749806081,Enrique05040731,2021-01-18T21:48:53.000Z,False,4,52,203,0,6,0,1,6,0,0,1,0,0,0,0,0,1,0,0,0,0,2,1
14261893,feangulo,2008-03-30T23:42:21.000Z,False,235,154,815,6,24,751893,0,0,0,0,23,0,0,19,0,0,1,0,0,1,0,44,1
15591955,Chuleticas,2008-07-25T01:00:56.000Z,False,284,619,3881,0,21,16548,1,2,0,9,19,0,4,10,0,1,2,0,0,0,0,45,1
1355595317530533890,Geovann74285077,2021-01-30T19:15:09.000Z,False,2,4,3,0,2,0,0,0,0,0,0,0,0,0,0,0,0,0,0,0,0,0,0
1032418283855605761,vilchex_tattoos,2018-08-23T00:04:35.000Z,False,207,1259,67,0,12,0,0,14,0,0,0,0,0,0,0,0,0,0,0,0,0,0,1
1042532737087889408,MichaelMFotogr1,2018-09-19T21:55:48.000Z,False,6,37,67,0,9,0,0,0,0,0,0,0,0,0,0,0,0,0,0,0,0,0,1
1045541939502874624,PaulaVa49150847,2018-09-28T05:13:18.000Z,False,353,164,5836,0,20,16214,6,10,0,0,17,0,0,9,0,0,6,0,0,1,0,33,1
1047368839913246720,TwinDilis,2018-10-03T06:12:45.000Z,False,97,141,800,0,64,60103,23,77,1,1,14,1,0,6,0,1,7,1,0,0,0,31,1
1047652727067688960,TrejosAlice,2018-10-04T01:00:49.000Z,False,108,428,767,0,56,112046,21,77,1,4,16,2,3,14,0,2,2,2,0,7,1,53,1
296064338,torifitadv,2011-05-10T04:12:08.000Z,False,178,236,2477,51,66,0,1,4,1,0,3,0,0,0,0,0,1,0,0,0,0,4,0
1855298516,by_rich_barber,2013-09-11T19:50:43.000Z,False,187,1351,485,0,1,0,0,1,0,0,1,0,0,0,0,0,1,0,0,0,0,2,1
708441674,Abigail13_0,2012-07-21T05:42:46.000Z,False,297,108,1306,0,123,45111,24,97,1,1,44,0,1,32,0,0,11,0,0,19,0,108,0
804469514,olmzum,2012-09-05T12:08:26.000Z,False,124,860,1070,1,7,2,0,5,0,1,8,0,0,0,0,1,6,0,0,0,0,16,1
158755399,jdurancr,2010-06-23T14:33:24.000Z,False,369,1066,1951,1,1,0,0,0,0,0,1,0,0,0,0,0,1,0,0,0,0,2,1
606941175,paoemisami,2012-06-13T03:42:02.000Z,False,2,10,96,0,1,0,0,0,0,0,0,0,0,0,0,0,0,0,0,0,0,0,1
613043080,J22526264105Ez,2012-06-20T02:00:38.000Z,False,210,1403,6575,0,402,4142,127,319,1,1,91,0,1,17,0,1,79,0,0,0,0,190,1
624014811,soychokitoCR,2012-07-01T17:32:05.000Z,False,1624,4372,6353,5,12,10,3,83,2,0,1,0,0,0,0,0,2,0,0,0,0,3,1
87443041,iKeilian,2009-11-04T13:51:57.000Z,False,91,406,1845,1,4,0,0,0,0,0,0,0,0,0,0,0,0,0,0,0,0,0,1
90049514,ChozaLDA,2009-11-14T23:48:33.000Z,False,933,2599,37498,16,506,110150,4,23,0,11,65,0,4,40,0,3,10,1,0,2,0,136,1
3232906068,Mikahela_06,2015-06-01T22:44:34.000Z,False,2830,1014,22692,9,131,167408,44,508,11,6,31,27,2,17,24,5,11,4,1,4,5,137,1
3588968892,ChantyMeneses,2015-09-17T02:11:35.000Z,False,1011,1434,9933,0,256,289,46,445,5,1,134,1,0,2,0,1,43,1,0,0,0,183,0
1358252037184569345,CamilaDicsi,2021-02-07T03:12:02.000Z,False,4,6,35,0,15,0,5,2,0,0,0,0,0,0,0,0,0,0,0,0,0,0,1
1358455071080648715,Fernand46002677,2021-02-07T16:38:44.000Z,False,69,630,23,0,2,0,0,0,0,0,1,0,0,0,0,0,1,0,0,0,0,2,0
1359595338689036288,jessica19517316,2021-02-10T20:13:00.000Z,False,243,577,18,1,16,10,7,96,0,0,0,0,0,0,0,0,0,0,0,0,0,0,1
484377153,Memonteroa,2012-02-06T01:38:28.000Z,False,4,92,65,0,1,0,0,1,0,1,1,0,0,0,0,0,1,0,0,0,0,3,1
2535129969,CaroCali83,2014-05-08T14:11:20.000Z,False,966,108,8169,0,124,131712,0,13,0,1,77,0,1,61,0,0,1,0,0,0,0,141,0
2563899157,raticosdefutbol,2014-06-12T18:36:03.000Z,False,744,696,5960,0,734,67610,229,1483,59,0,526,0,0,167,0,0,125,0,0,53,0,871,1
2592393997,SofiaGh75,2014-06-28T03:17:57.000Z,False,279,279,2369,1,113,23015,37,188,1,4,27,3,0,13,1,4,13,3,0,14,0,82,1
1619422380,19Mrojasu,2013-07-25T04:54:11.000Z,False,8,120,125,0,1,0,0,0,0,0,0,0,0,0,0,0,0,0,0,0,0,0,1
1624697924,stevalsoto,2013-07-27T05:46:42.000Z,False,252,734,3648,2,76,395810,10,16,0,1,33,1,1,29,0,1,5,1,0,7,0,79,1
569686018,vasquezlobo,2012-05-03T04:36:07.000Z,False,71,387,2504,0,7,0,0,0,0,0,1,0,0,0,0,0,1,0,0,0,0,2,1
576148766,civetdebiche,2012-05-10T11:20:35.000Z,False,1028,1455,5355,9,257,36677,11,148,2,3,207,1,3,109,1,0,28,0,0,8,0,360,0
582495550,thepaulosophy,2012-05-17T06:15:21.000Z,False,1202,402,1039,13,117,2784,353,5409,243,0,78,0,0,5,0,0,49,0,0,5,0,137,1
587805765,_otracosa,2012-05-22T20:26:05.000Z,False,689,658,15235,14,1,0,0,0,0,0,0,0,0,0,0,0,0,0,0,0,0,0,0
71709045,Ale27CSH,2009-09-05T02:54:38.000Z,False,516,962,1240,0,23,8461,6,10,0,0,17,1,0,12,0,0,5,0,0,1,0,36,1
72870760,EdwinGomezVP,2009-09-09T14:56:55.000Z,False,6963,5664,84475,49,558,276688,2,21,0,5,205,0,4,125,0,1,3,0,1,12,0,356,1
368149151,mscalero71,2011-09-05T05:01:16.000Z,False,19,77,99,0,3,25,0,0,0,0,4,0,0,1,0,0,2,0,0,0,0,7,1
67423092,ItsKarlaLaya,2009-08-20T20:59:28.000Z,False,453,1186,5080,1,15,16806,0,1,0,0,8,0,0,7,0,0,1,0,0,0,0,16,0
97801756,ricardomarbo,2009-12-19T02:44:49.000Z,False,76,115,119,0,1,0,0,1,0,1,0,0,0,0,0,1,0,0,0,0,0,2,1
305210578,novich04,2011-05-25T20:46:24.000Z,False,1494,787,58065,16,1515,49841,673,2609,30,93,216,82,18,20,11,88,146,71,2,11,8,766,1
313621728,Rafa_Cambronero,2011-06-08T23:20:38.000Z,False,1750,866,6310,7,77,63302,3,24,0,3,19,1,0,5,0,2,3,1,0,0,0,34,1
2173352633,ruthsm2010,2013-11-08T13:26:15.000Z,False,187,946,7135,0,88,2,22,57,0,18,35,9,0,0,1,16,24,9,0,1,0,113,1
60142381,silvysmdo,2009-07-25T20:30:36.000Z,False,145,765,4328,4,191,517682,35,73,0,3,101,0,3,70,0,0,8,0,1,18,0,204,1
1334185296833949697,AxelMA07,2020-12-02T17:19:13.000Z,False,2,75,50,0,4,0,0,0,0,0,1,0,0,0,0,0,1,0,0,0,0,2,1
1334807465154719744,JorgeZunigaagu2,2020-12-04T10:31:42.000Z,False,1459,2134,2556,1,448,268271,64,1034,1,10,275,4,9,168,0,5,41,3,0,1,0,516,1
1336474767302529024,PonwBuuren1,2020-12-09T00:56:43.000Z,False,0,5,36,0,5,0,0,3,0,0,0,0,0,0,0,0,0,0,0,0,0,0,1
119403977,wonderkrys,2010-03-03T14:58:35.000Z,False,216,545,2437,3,20,122307,2,4,0,0,22,0,0,9,0,0,1,0,0,3,0,35,0
130859766,armanswall,2010-04-08T15:01:02.000Z,False,95,202,5871,0,125,3825,3,13,0,6,26,0,1,17,0,4,8,0,3,6,0,71,1
134024284,ifarji,2010-04-17T07:27:42.000Z,False,152,2251,2527,3,60,509611,2,4,0,0,69,0,0,43,0,0,9,0,0,0,0,121,0
1357925631711973377,soy_daniela_r,2021-02-06T05:34:47.000Z,False,4,9,2,0,1,0,0,2,0,0,0,0,0,0,0,0,0,0,0,0,0,0,1
635063824,dmontenegro2022,2012-07-14T03:10:45.000Z,False,168,110,845,0,6,0,0,1,0,0,0,0,0,0,0,0,0,0,0,0,0,0,0
73551813,jp_costarica,2009-09-12T02:44:53.000Z,False,64,333,1649,0,99,85744,17,22,0,14,84,3,1,18,0,9,43,3,0,4,0,179,1
75378985,CinthyaAraya,2009-09-18T20:36:15.000Z,False,329,591,5467,1,35,1376,2,23,0,2,4,1,1,4,0,1,0,1,0,6,0,20,1
75706861,ALeCfromCR,2009-09-20T03:09:10.000Z,False,50,502,218,0,1,0,0,0,0,0,0,0,0,0,0,0,0,0,0,0,0,0,1
98660401,emijhay,2009-12-22T15:43:52.000Z,False,1079,705,71001,0,1190,843965,508,1443,5,0,201,0,0,95,0,0,94,0,0,43,0,433,0
842744205910986752,CLANJBGA20,2017-03-17T14:27:30.000Z,False,239,241,1151,0,18,53551,0,4,0,0,10,0,0,8,0,0,4,0,0,0,0,22,1
422071896,jandressanabria,2011-11-26T19:30:32.000Z,False,233,364,10559,2,41,50758,4,12,0,1,15,0,1,10,0,0,5,0,0,14,0,46,1
440488823,alzunigam,2011-12-19T02:12:28.000Z,False,89,561,397,0,3,37,1,0,0,0,3,0,0,1,0,0,2,0,0,0,0,6,1
444132744,jurgen_reyes,2011-12-22T22:59:05.000Z,False,89,851,464,2,42,2253,0,0,0,2,24,0,2,15,0,1,2,0,0,0,0,46,1
445010426,JaryMadriz,2011-12-23T22:24:56.000Z,False,1061,477,13723,3,93,34727,29,211,1,3,33,0,3,19,0,0,15,0,2,12,0,87,1
447568898,solo_caro,2011-12-27T01:47:32.000Z,False,772,835,1115,11,19,2,2,36,0,5,6,3,0,0,0,4,4,2,2,1,0,27,1
70802199,albertlopez10,2009-09-01T22:14:45.000Z,False,51,114,121,0,4,91,0,0,0,0,4,0,0,3,0,0,0,0,0,0,0,7,1
2866378402,berrocal_sofia,2014-11-07T21:18:16.000Z,False,227,223,5381,0,4,0,1,14,0,0,0,0,0,0,0,0,0,0,0,0,0,0,1
2867296693,victorliebanoo,2014-10-20T13:54:58.000Z,False,101,404,242,1,30,111,0,50,0,0,11,0,0,1,0,0,7,0,0,0,0,19,1
2875040206,miyi1966,2014-11-13T12:33:35.000Z,False,16,86,6186,0,277,144222,8,227,1,19,92,1,10,42,1,14,43,0,4,17,0,243,1
2881582077,Johan_VenegasCR,2014-11-17T20:06:12.000Z,True,32040,580,3173,93,131,12766,208,5855,12,21,54,223,18,45,12,0,0,33,2,4,6,418,1
2889045397,elideasecas,2014-11-03T22:16:55.000Z,False,1099,1173,3368,15,53,486,0,15,0,0,4,0,0,1,0,0,1,0,0,0,0,6,0
279293026,ValeeGrc,2011-04-09T00:16:28.000Z,False,631,356,17578,2,119,380025,16,18,0,0,48,0,0,50,0,0,4,0,0,11,0,113,0
280293106,mikelsontheodor,2011-04-11T01:48:44.000Z,False,1502,1333,40615,14,2873,78943,1761,1566,2,0,228,0,0,25,0,0,147,0,0,75,0,475,1
4585075453,AdriMora2505,2015-12-17T14:09:50.000Z,False,108,136,545,0,26,58864,3,25,0,1,6,1,0,8,0,1,0,1,1,5,0,24,1
4877192223,emgaritac,2016-02-05T04:20:37.000Z,False,387,204,2242,0,47,484,31,715,5,1,21,2,0,3,1,1,15,1,0,1,1,47,1
825926600336216064,ArtolaRudy,2017-01-30T04:40:21.000Z,False,53,234,2066,0,287,5497,30,234,3,0,144,0,0,9,0,0,107,0,0,0,0,260,1
834226250629656577,KarolRojasQ08,2017-02-22T02:20:12.000Z,False,788,694,21132,1,1123,229555,474,2298,23,88,261,73,18,57,29,62,144,48,28,77,8,893,1
1373181782,eduoses20,2013-04-22T21:45:21.000Z,False,169,514,8024,1,298,318069,96,439,4,8,73,9,1,23,5,3,26,5,4,20,1,178,1
1559495684,jguzman0609,2013-07-01T03:04:20.000Z,False,68,297,93,0,2,0,1,4,0,0,1,0,0,0,0,0,1,0,0,0,0,2,1
3118958731,Jennifer281289,2015-03-31T02:07:33.000Z,False,49,264,556,0,5,43,0,0,0,0,3,0,0,3,0,0,0,0,0,0,0,6,1
918327833046462465,luisitap21,2017-10-12T04:09:51.000Z,False,22,147,351,0,2,0,0,0,0,0,0,0,0,0,0,0,0,0,0,0,0,0,1
1191754777333522434,StevensGeremy,2019-11-05T16:31:02.000Z,False,439,293,1730,0,93,20456,12,44,0,10,40,2,3,19,1,7,14,1,4,8,0,109,1
1195813171329671168,Amer13Ch,2019-11-16T21:18:15.000Z,False,63,88,747,0,112,252073,7,68,1,0,55,0,0,61,0,0,5,0,0,24,0,145,0
1239721798343819266,Priscillalvare4,2020-03-17T01:23:15.000Z,False,96,244,38,0,3,4,0,4,0,0,2,0,0,2,0,0,0,0,0,0,0,4,1
259933790,AlejaaLubo,2011-03-02T22:04:36.000Z,False,87,1263,795,0,67,11077,17,340,0,0,15,0,0,9,0,0,4,0,0,0,0,28,0
260305007,chemitamartinez,2011-03-03T16:29:17.000Z,True,79004,605,20460,985,249,1078,607,15308,66,0,106,4,0,19,0,0,43,3,0,4,1,180,0
280226175,ElCodigoKirkao,2011-04-10T22:26:21.000Z,False,13734,821,25755,24,11,2,0,4,0,0,7,0,0,1,0,0,0,0,0,0,0,8,0
2767597012,pabycha,2014-09-11T23:37:24.000Z,False,9,10,2517,0,118,61273,1,6,0,0,50,0,0,35,0,0,5,0,0,4,0,94,0
2814081834,sielquiji,2014-09-17T03:22:31.000Z,False,2,73,13,0,2,0,0,0,0,0,2,0,0,0,0,0,2,0,0,0,0,4,1
283125621,tellojq,2011-04-16T16:42:50.000Z,False,65,228,421,2,3,59761,0,0,0,0,6,0,0,2,0,0,0,0,0,0,0,8,1
293127798,Kat1813,2011-05-04T20:14:32.000Z,False,9,48,21,0,1,0,0,0,0,0,0,0,0,0,0,0,0,0,0,0,0,0,1
294945874,csolisr,2011-05-08T02:42:00.000Z,False,584,2829,78409,45,2241,2290641,823,6414,17,17,1574,4,3,260,0,12,982,4,0,31,0,2887,1
775397064104513536,erick_peralta15,2016-09-12T18:14:01.000Z,False,7,258,110,1,10,0,0,16,0,2,7,0,0,0,0,2,5,0,0,0,0,16,1
782752170584125441,lopezescarre,2016-10-03T01:20:35.000Z,False,451,897,49635,3,2165,605547,16,299,7,36,595,9,25,348,7,11,50,0,3,53,2,1139,1
1373005149606703117,MSesteo,2021-03-19T20:15:18.000Z,False,2,6,21,0,9,0,1,8,0,0,0,0,0,0,0,0,0,0,0,0,0,0,1
2278409764,luisreuben,2014-01-13T05:38:17.000Z,False,151,189,18613,3,120,12209,12,71,0,8,75,0,0,8,0,5,43,0,0,1,0,140,1
371997069,AlinaMasis,2011-09-11T22:47:30.000Z,False,48,607,642,1,9,0,0,4,0,0,0,0,0,0,0,0,0,0,0,0,0,0,1
381910772,soycienticiero,2011-09-29T04:43:29.000Z,False,90,180,8670,1,192,92652,50,164,3,15,100,0,2,34,1,6,36,6,3,26,0,229,1
382873238,trimatute,2011-09-30T21:00:02.000Z,False,709,392,8452,11,39,28754,0,12,0,0,11,0,0,9,0,0,0,0,0,6,0,26,0
387206553,FromDNA,2011-10-08T17:06:27.000Z,False,2146,1145,451,1,16,135419,5,214,0,0,8,1,0,5,1,0,2,0,0,2,0,19,1
1349443181021167617,Alejand48374156,2021-01-13T19:48:38.000Z,False,0,16,8,0,2,0,0,0,0,0,0,0,0,0,0,0,0,0,0,0,0,0,1
717200383,GeinerPrezMoral,2012-07-26T02:13:44.000Z,False,111,1722,716,1,5,11934,0,0,0,0,3,0,0,1,0,0,3,0,0,0,0,7,1
743835636,16Andreoli,2012-08-07T22:03:15.000Z,False,639,328,18586,0,3,1,1,1,0,0,3,0,0,1,0,0,2,0,0,0,0,6,0
44800166,YoSoyLuisK,2009-06-05T02:35:01.000Z,False,1213,576,23493,22,165,168789,7,67,1,15,61,3,9,41,1,6,10,2,4,24,0,176,1
49761530,Leidy18,2009-06-22T20:53:05.000Z,False,120,684,3490,1,199,37759,41,210,3,23,99,4,9,41,2,12,37,3,1,15,0,246,1
50089536,edgumaco,2009-06-23T20:20:40.000Z,False,3172,1963,128445,37,535,272797,248,1040,19,72,182,59,37,115,16,40,42,43,11,19,5,641,1
325088381,yelitzacriollo,2011-06-27T18:28:29.000Z,False,1104,4989,16374,8,487,812357,47,274,5,16,440,3,4,209,0,7,130,3,0,3,0,815,1
18652946,beejel108,2009-01-06T00:13:28.000Z,False,18121,2053,49180,102,13,0,0,1,0,0,1,0,0,0,0,0,0,0,0,0,0,1,0
18728166,AnaAlvarezMonge,2009-01-07T16:57:27.000Z,False,2266,2321,11196,0,171,2322,69,302,4,5,76,5,0,7,1,4,33,4,1,34,0,170,1
18750407,mundomotorizado,2009-01-08T02:41:26.000Z,False,5416,2284,18724,43,24,3,1,13,0,2,2,8,1,0,0,0,1,0,1,0,0,15,1
154392879,PackoPinzon,2010-06-11T03:35:03.000Z,False,249,684,3143,3,121,38777,13,61,0,0,45,0,0,22,0,0,24,0,0,17,0,108,0
156430095,Facundo_Arana,2010-06-16T22:59:30.000Z,True,1664759,553,10120,1709,168,18356,1913,17192,242,0,75,1,0,22,1,0,13,1,0,1,0,114,0
183382456,vivitogj,2010-08-26T21:38:35.000Z,False,293,835,1577,0,38,37316,4,38,0,5,24,1,1,19,1,0,2,0,1,8,0,62,1
1262966593,AleBara255,2013-03-12T21:55:35.000Z,False,288,439,1392,0,17,79643,3,30,0,0,12,0,0,3,0,0,7,0,0,1,0,23,1
1319173460,josueimora,2013-03-31T21:45:37.000Z,False,274,218,2822,2,84,694239,29,28,0,5,36,5,2,14,0,3,13,5,0,3,0,86,1
2867213249,larutadelclima,2014-11-08T11:31:22.000Z,False,4009,4798,13940,115,169,67829,41,1002,48,4,61,20,1,28,15,0,2,2,6,42,3,184,0
2907329513,SusyMirandaM,2014-12-06T05:27:07.000Z,False,148,404,2338,0,35,46,0,14,0,0,2,0,0,1,0,0,1,0,0,0,0,4,1
524967116,DebbyMonge7,2012-03-15T02:52:21.000Z,False,221,272,2788,1,19,3981,1,1,0,0,11,0,0,10,0,0,2,0,0,1,0,24,1
535621939,Gabylinacr,2012-03-24T19:08:42.000Z,False,379,521,14625,0,36,0,11,5,0,2,6,1,0,0,0,2,2,1,1,2,0,17,1
979774032,andresrs3,2012-11-30T05:02:29.000Z,False,65,401,1900,1,1,139,0,0,0,0,1,0,0,1,0,0,0,0,0,0,0,2,1
22299079,bulgarelli_m,2009-02-28T21:45:06.000Z,False,1760,2807,31263,29,147,11124,45,115,2,24,27,18,8,10,3,12,11,14,1,1,2,131,1
1412039562,Pumbacr,2013-05-08T05:51:27.000Z,False,170,702,1037,0,84,22534,8,51,0,12,43,2,2,7,0,8,10,2,0,1,0,87,1
1278013170020474880,Priscil80872747,2020-06-30T17:11:36.000Z,False,4,14,4,0,1,0,0,1,0,0,0,0,0,0,0,0,0,0,0,0,0,0,1
357064783,NonuSuarez,2011-08-17T19:57:18.000Z,False,116,151,1537,4,3,1,0,3,0,0,1,0,0,1,0,0,0,0,0,0,0,2,0
1686658824,MerlingLuna,2013-08-20T20:57:50.000Z,False,96,114,940,1,29,12004,15,11,0,1,7,1,0,4,0,1,4,1,0,1,0,20,1
3033346260,ddim_10,2015-02-20T22:36:15.000Z,False,36,86,43,0,5,0,0,10,1,0,2,0,0,0,0,0,0,0,0,0,0,2,1
185031103,lisandro_kb,2010-08-31T02:08:15.000Z,False,128,453,1122,1,3,0,0,14,0,1,1,0,0,0,0,0,1,0,0,0,0,3,1
886330383553449984,I_am_ByronVega,2017-07-15T21:03:25.000Z,False,65,177,1297,0,252,241818,47,174,3,7,87,3,6,86,2,1,9,1,3,38,0,243,1
2411112713,AlbertoTPF,2014-03-14T21:06:21.000Z,False,185,377,268,0,4,0,0,1,0,0,0,0,0,0,0,0,0,0,0,0,0,0,1
2425419641,OrtegaGeovani,2014-03-20T20:13:01.000Z,False,1380,3730,3773,1,2,0,0,1,0,0,0,0,0,0,0,0,0,0,0,0,0,0,1
2446764500,Mxnxlinares,2014-04-16T07:51:56.000Z,False,48,547,196,0,3,0,1,1,0,1,2,1,0,0,0,1,2,1,0,0,0,8,1
2472532991,TatianaMoraSala,2014-04-09T21:23:02.000Z,False,19,109,135,0,11,0,0,0,0,0,1,0,0,0,0,0,0,0,0,0,0,1,1
2474935872,Ssantguz,2014-05-03T04:36:27.000Z,False,565,538,5258,5,109,546502,33,148,1,2,34,0,1,15,0,0,16,0,0,9,0,77,1
2950290166,alanis2000,2014-12-29T23:51:16.000Z,False,23,510,253,0,19,75351,1,1,0,0,9,0,0,9,0,0,1,0,0,1,0,20,1
523462575,framir25,2012-03-13T17:14:44.000Z,False,481,4179,4032,4,13,135873,0,5,0,1,12,0,0,9,0,0,0,0,0,0,0,22,1
523937650,TediousMarco,2012-03-14T02:44:03.000Z,False,60,201,1201,0,104,817873,17,47,0,4,45,0,4,40,0,1,9,0,1,13,0,117,1
2614816511,Joser_Bermudez,2014-06-16T17:51:06.000Z,False,79,131,1713,0,84,271,20,115,1,11,36,3,0,2,1,7,22,3,0,3,1,89,1
2646395906,Seba_Goya,2014-07-14T21:48:47.000Z,False,323,1111,475,0,5,0,0,1,0,0,0,0,0,0,0,0,0,0,0,0,0,0,0
80469380,LeimyRosada,2009-10-07T02:25:16.000Z,False,286,214,5783,2,2,0,1,2,0,0,1,0,0,0,0,0,1,0,0,0,0,2,1
121453578,im_JessSayin,2010-03-09T15:04:17.000Z,False,711,395,310412,29,2460,10466172,700,1265,97,1,693,0,1,624,0,0,131,0,0,243,0,1693,0
122787675,pablitovilla,2010-03-13T22:39:10.000Z,False,299,974,2125,0,23,10540,2,13,0,4,19,0,0,5,0,3,9,0,0,1,0,41,1
125186656,CarlosManuel_M,2010-03-22T00:41:13.000Z,False,2104,1533,4229,4,41,8,1,38,1,0,3,2,0,1,2,0,1,0,0,0,0,9,1
399184361,armandopomp,2011-10-27T03:35:13.000Z,False,118,321,2985,2,48,133834,1,33,0,0,47,0,0,33,0,0,7,0,0,0,0,87,0
416376129,JonathanRiveraE,2011-11-19T16:08:49.000Z,False,240,260,2900,4,240,0,0,1,0,0,1,0,0,0,0,0,0,0,0,0,0,1,0
168897728,monicar0812,2010-07-21T01:47:12.000Z,False,301,282,7317,0,129,159195,35,121,1,0,68,0,0,55,0,0,11,0,0,6,0,140,0
176705186,robertoguzmanf,2010-08-10T06:17:17.000Z,False,917,1002,3048,16,23,5882,7,44,1,3,17,3,0,4,1,1,3,1,0,2,0,35,1
17603779,Narshi,2008-11-24T22:57:41.000Z,False,854,603,3139,7,1,0,0,0,0,0,0,0,0,0,0,0,0,0,0,0,0,0,1
1286413876679053315,AlexanderZigaA1,2020-07-23T21:32:40.000Z,False,197,442,9,0,1,0,0,1,0,0,1,1,0,0,0,0,1,1,0,0,0,4,0
1287855346304847880,JakeSer92734408,2020-07-27T21:00:28.000Z,False,5,139,52,0,7,14627,0,0,0,1,9,0,1,4,0,0,1,0,0,1,0,17,1
769605906308800512,danielassalas,2016-08-27T18:42:01.000Z,False,437,402,1991,0,9,400,0,0,0,1,6,0,0,5,0,1,2,0,0,1,0,16,1
772456562694684672,masqueunviaje,2016-09-04T15:29:30.000Z,False,616,1397,636,15,6,0,0,0,0,0,0,1,0,0,0,0,0,0,0,0,0,1,0
2163240222,JosePabloGuzma6,2013-10-29T17:19:47.000Z,False,1124,624,11337,1,39,38,22,162,1,4,12,5,0,1,2,3,11,3,0,4,0,45,1
1111088644746629120,SBQ1707,2019-03-28T02:12:30.000Z,False,106,83,754,0,57,26838,11,127,0,0,18,0,0,9,0,0,9,0,0,3,0,39,1
966181761590939650,royvargas29,2018-02-21T05:24:17.000Z,False,1250,5,23643,0,185,103741,37,889,10,1,34,10,1,25,10,0,11,0,0,13,0,105,1
971203679910027264,JimenaPataza157,2018-03-07T01:59:36.000Z,False,36,89,837,0,180,185357,81,186,1,0,42,0,0,20,0,0,21,0,0,1,0,84,0
981243982544957441,luismunozcr,2018-04-03T18:56:10.000Z,False,103,92,1593,0,162,80620,9,76,3,3,17,1,3,11,0,1,4,1,1,5,0,47,1
993334596036153344,dmadrigalc,2018-05-07T03:39:57.000Z,False,126,717,1814,0,157,3938,36,133,1,27,112,4,3,13,0,15,74,4,0,0,0,252,1
1258052114846228480,MarencoMariajo,2020-05-06T15:13:02.000Z,False,33,52,173,0,16,1279,0,21,0,0,2,0,0,1,0,0,0,0,0,0,0,3,1
1267211615474155521,SoyCRT,2020-05-31T21:49:40.000Z,False,26,480,558,0,19,2,2,3,0,4,6,1,0,0,0,4,4,1,1,1,0,22,1
4727126868,NicoleAriasTor2,2016-01-08T07:07:47.000Z,False,265,1025,9614,3,201,221779,0,4,0,1,64,0,1,63,0,0,15,0,0,0,0,144,1
4831691307,HazellRojas,2016-01-21T04:34:08.000Z,False,7,32,65,0,6,224,0,2,0,2,10,0,0,1,0,1,2,0,0,0,0,16,0
189277544,DanielGuzmanOva,2010-09-10T21:12:25.000Z,False,146,522,2542,3,13,0,3,7,0,0,4,0,0,0,0,0,4,0,0,0,0,8,1
190293978,alemoyaal,2010-09-13T15:53:09.000Z,False,3867,676,7356,56,79,8211,36,636,7,6,103,9,0,24,9,4,14,2,0,9,0,180,1
1359673989577252865,voodoobarcr,2021-02-11T01:22:17.000Z,False,18,1,2,0,1,0,0,0,1,0,1,2,0,0,0,0,0,0,0,0,0,3,1
1022649788418936835,Transportes_MTA,2018-07-27T01:08:04.000Z,False,11,3,316,0,54,51,0,150,0,0,0,1,0,0,1,0,0,0,0,0,0,2,1
1300823023952506881,mmontes1984,2020-09-01T15:49:20.000Z,False,0,8,6,0,1,0,0,0,0,0,0,0,0,0,0,0,0,0,0,0,0,0,1
1311400202654420994,pidamelo,2020-09-30T20:19:20.000Z,False,1,7,76,0,10,1088,0,1,0,0,8,0,0,6,0,0,1,0,0,1,0,16,1
112565988,chrisque1,2010-02-08T23:46:32.000Z,False,79,185,210,0,10,65774,0,2,0,0,8,0,0,5,0,0,0,0,0,0,0,13,1
3343594523,emilia0668,2015-06-24T03:30:45.000Z,False,84,153,1029,0,16,66,0,10,0,0,2,0,0,1,0,0,1,0,0,0,0,4,1
625966775,Markokm7,2012-07-03T23:06:15.000Z,False,49,50,5913,0,1238,109258,198,428,0,0,61,0,0,25,0,0,28,0,0,14,0,128,1
714322599,Oscar_Gomez1978,2013-10-14T12:47:18.000Z,False,161,364,1201,0,13,0,3,15,0,3,7,1,0,0,0,4,5,1,0,0,0,21,1
944966034519445504,Yonaiker_0806,2017-12-24T16:20:34.000Z,False,382,50,1215,0,46,6427,15,219,4,0,15,3,0,4,3,0,6,0,0,1,1,33,1
949038120577748994,bangtanlover7__,2018-01-04T22:01:35.000Z,False,50,45,2248,0,159,50998466,0,0,0,0,20,0,0,18,0,0,2,0,0,0,0,40,1
958679621897277440,_danielasuarez2,2018-01-31T12:33:28.000Z,False,475,520,3127,0,131,224420,19,188,5,3,32,3,3,28,3,0,8,0,0,5,0,85,1
961976897818148865,rolandoug,2018-02-09T14:55:39.000Z,False,1805,1274,4432,12,78,16021,24,480,6,2,102,10,1,33,2,1,13,2,0,1,0,167,1
1009490798575046657,cowkween,2018-06-20T17:38:56.000Z,False,170,383,1273,0,71,25384,22,104,1,3,23,2,0,10,0,3,12,2,0,2,0,57,1
1102008438962429952,MariaJo04022002,2019-03-03T00:51:00.000Z,False,201,259,2606,1,309,374196,50,896,5,6,91,2,6,89,0,2,22,2,6,52,0,278,1
1106280231336333318,dani_vargasss,2019-03-14T19:45:35.000Z,False,149,119,379,0,50,319709,5,16,0,0,22,0,0,24,0,0,5,0,0,0,0,51,0
858540720180920320,Amarincr7308J,2017-04-30T04:37:13.000Z,False,31,183,230,0,45,3229,0,6,0,0,5,0,0,1,0,0,2,0,0,0,0,8,1
877011942082306048,ViAby01,2017-06-20T03:55:15.000Z,False,67,124,624,0,3,373,0,1,0,1,1,0,1,1,0,0,0,0,0,0,0,4,1
880835925529563136,Gabriel_Rosale4,2017-06-30T17:10:24.000Z,False,373,1324,9334,0,10,38465,0,1,0,0,1,1,0,1,1,0,0,0,1,1,0,6,1
38528427,Luci2Duece,2009-05-07T22:03:18.000Z,False,321,378,31295,2,333,2833602,44,130,6,0,151,0,0,116,0,0,23,0,0,31,0,321,0
954141640809177088,cafeconpan77,2018-01-19T00:01:09.000Z,False,711,653,14492,1,532,84734,204,736,10,0,117,0,0,86,0,0,46,0,0,25,0,274,0
977607307,tavex1802,2012-11-29T04:44:50.000Z,False,157,100,620,1,36,0,13,22,0,1,3,0,0,0,0,0,1,0,0,0,0,5,1
16693965,selegna,2008-10-11T07:03:53.000Z,False,879,653,16751,22,222,35634,8,190,2,0,29,0,0,16,0,0,5,0,0,7,0,57,0
19030496,AsiComoLoOye,2009-01-15T17:46:03.000Z,False,25324,10676,112344,127,934,327923,169,986,39,35,77,67,2,7,21,21,29,28,2,8,16,313,1
929898426510213120,Carlosiles07,2017-11-13T02:27:16.000Z,False,82,113,198,0,8,1732,2,14,0,0,4,1,0,2,0,0,2,0,1,0,0,10,1
1190683347850276864,greedlol_,2019-11-02T17:33:37.000Z,False,14,221,16,1,6,942,2,1,0,0,5,0,0,2,0,0,1,0,0,0,0,8,0
1190968525801820160,GamboaRNoel18,2019-11-03T12:26:53.000Z,False,13,613,180,0,32,534,1,7,0,4,23,0,0,2,0,4,9,0,0,1,0,43,1
208150205,yanezcolts,2010-10-26T18:45:39.000Z,False,40,130,3967,0,186,4929,13,107,0,1,142,0,0,14,0,1,95,0,0,0,0,253,0
210122927,melanyfra,2010-10-30T16:39:31.000Z,False,247,1333,12880,4,70,76448,0,0,0,6,58,1,6,47,0,0,0,0,0,0,0,118,1
3066947890,ppejrv,2015-03-03T03:05:16.000Z,False,64,382,1164,0,7,34073,0,0,0,0,5,0,0,4,0,0,1,0,0,0,0,10,1
3178342654,jkstudiosalon,2015-04-18T00:06:36.000Z,False,73,484,1613,1,8,0,0,0,0,0,2,0,0,0,0,0,0,0,0,0,0,2,1
1085427511700393985,MoncayoMagali,2019-01-16T06:44:19.000Z,False,52,33,1346,0,351,483973,6,22,0,0,24,0,0,7,0,0,0,0,0,0,0,31,0
1243930161927643138,TeffPv,2020-03-28T15:57:27.000Z,False,44,117,127,0,19,3729,4,27,0,0,4,0,0,1,0,0,2,0,0,3,0,10,1
1245787300145094657,VertixSolutions,2020-04-02T18:57:19.000Z,False,1,9,28,0,4,212659,0,2,0,0,1,0,0,1,0,0,0,0,0,0,0,2,1
1265458219,karenvenegas01,2013-03-13T21:04:15.000Z,False,82,242,2343,0,197,88,40,352,4,36,89,17,0,0,8,32,72,9,0,0,0,263,1
1290454243,ChevezDiego,2013-03-23T04:58:27.000Z,False,294,1017,13073,4,162,184774,27,121,3,12,34,4,6,19,0,7,8,4,2,8,0,104,1
215686796,analaurasoto_,2010-11-14T16:57:44.000Z,False,521,307,11143,1,10,0,4,43,0,0,1,1,0,0,0,0,1,1,0,3,0,7,1
243893349,irmarro,2011-01-28T01:33:23.000Z,False,386,268,6062,0,30,255,1,14,0,0,24,0,0,3,0,0,9,0,0,1,0,37,0
223145782,nestorcabrera1,2010-12-05T14:46:24.000Z,False,257,792,26116,8,380,114605,58,464,3,2,175,0,1,65,0,2,93,0,0,30,0,368,0
225844063,emilia_gomez18,2010-12-12T16:04:34.000Z,False,33,386,1211,0,46,17461,0,15,0,0,31,0,0,1,0,0,7,0,0,1,0,40,1
1350503758007046152,CCPJEscazu,2021-01-16T18:02:57.000Z,False,6,64,25,0,15,4,0,20,2,0,0,0,0,0,0,0,0,0,0,0,1,1,1
1656958579,Sololaverdad191,2013-08-09T05:00:08.000Z,False,14,31,342,0,9,0,1,0,0,0,7,0,0,0,0,0,5,0,0,1,0,13,1
1340062193962811393,AleexiisOficial,2020-12-18T22:31:48.000Z,False,24,54,576,0,75,12,4,74,1,0,12,0,0,3,0,0,6,0,0,1,0,22,0
1341752923836084227,Paniaguamarko06,2020-12-23T14:30:22.000Z,False,9,0,61,0,7,0,0,1,0,0,0,0,0,0,0,0,0,0,0,0,0,0,1
1345233982552743936,FabianaMeja3,2021-01-02T05:02:55.000Z,False,2,34,2,0,1,0,0,3,0,0,0,0,0,0,0,0,0,0,0,0,0,0,1
1347215218829570050,Kagami68769787,2021-01-07T16:15:27.000Z,False,8,24,141,0,65,258,13,5,0,0,7,0,0,7,0,0,2,0,0,2,0,18,0
15977443,sherriehiett,2008-08-25T03:58:32.000Z,False,316,318,2664,0,85,0,0,3,0,0,6,0,0,0,0,0,0,0,0,0,0,6,0
16563058,Lia_07,2008-10-02T17:53:03.000Z,False,5401,4563,55834,63,1878,416798,1790,10678,120,124,343,242,23,146,83,115,160,171,14,100,36,1557,1
16785305,Erick_SandovalC,2008-10-15T16:18:11.000Z,False,1030,2564,16706,6,393,1311841,5,42,0,43,191,5,38,165,0,5,13,2,1,1,0,464,1
16917190,germoya,2008-10-23T01:32:34.000Z,False,199,488,2170,4,99,0,10,10,0,3,20,0,0,0,0,3,12,0,0,0,0,38,1
1224750384985624576,KenderMendoza7,2020-02-04T17:44:09.000Z,False,8,151,9,0,3,0,0,2,0,0,1,0,0,0,0,0,1,0,0,0,0,2,0
1247749713887027201,ARTbyZepeda,2020-04-08T04:55:22.000Z,False,73,230,786,0,32,77042,12,93,0,0,14,0,0,7,0,0,4,0,0,1,0,26,0
732070111423553536,cheryhc2,2016-05-16T04:48:10.000Z,False,376,483,11328,1,89,871,5,18,0,0,7,0,0,5,0,0,3,0,0,2,0,17,1
736155564603015168,marielagarj1992,2016-05-27T11:22:18.000Z,False,52,721,676,0,82,1,1,59,0,3,11,0,0,0,0,3,9,0,0,0,0,26,1
740565402686754816,AIRCOP_ROPAN,2016-06-08T15:25:25.000Z,False,2040,523,2052,18,84,300,6,569,18,0,28,0,0,9,0,0,0,0,0,1,0,38,0
752189359038697472,ImMarii0_,2016-07-10T17:14:53.000Z,False,343,217,12251,2,457,225006,177,245,0,1,181,0,0,43,0,1,93,0,0,26,0,345,0
152129281,elmismolucho,2010-06-05T04:25:33.000Z,False,954,617,1298,23,169,1933,39,329,9,0,61,0,0,22,0,0,34,0,0,8,0,125,1
153232417,PejelagartaPS,2010-06-08T01:07:30.000Z,False,961,710,44766,3,459,87187,76,270,2,0,233,0,0,81,0,0,122,0,0,12,0,448,0
136745552,GabrielaGelviz,2010-04-24T20:09:44.000Z,False,3629,303,34501,21,336,793246,58,645,21,0,120,0,0,116,0,0,20,0,0,46,0,302,0
2985045305,steph11mont,2015-01-19T03:23:56.000Z,False,96,195,522,0,29,1012270,2,3,0,0,21,1,1,25,0,0,0,1,0,0,0,49,1
3114542270,MariaPiaMf1,2015-03-29T05:35:10.000Z,False,363,343,1221,0,62,27368,26,311,3,0,34,0,0,9,0,0,17,0,0,0,0,60,1
3189967962,perez_aldriel,2015-05-09T17:32:47.000Z,False,838,934,3310,0,97,73483,3,56,2,0,39,0,1,46,0,0,1,0,0,7,0,94,1
1273700803648331782,An_guzmancr,2020-06-18T19:35:25.000Z,False,74,254,250,0,25,70501,1,1,0,0,19,0,0,20,0,0,2,0,0,0,0,41,1
82704236,_marcocr,2009-10-15T20:24:21.000Z,False,178,484,1211,0,46,1952,10,7,0,1,15,0,1,1,0,0,6,0,1,0,0,25,1
92683987,Vito_CostaRica,2009-11-26T04:32:03.000Z,False,638,2381,5988,6,26,8901,2,5,0,2,10,0,0,6,0,2,4,0,0,0,0,24,1
829437741075152896,Carlos_MC_CR,2017-02-08T21:12:22.000Z,False,39,115,114,1,1,0,0,1,0,0,0,0,0,0,0,0,0,0,0,0,0,0,1
115514402,yoerli2017,2010-02-18T22:41:21.000Z,False,2521,649,3939,0,106,34844,26,96,4,0,45,0,0,29,0,0,2,0,0,8,0,84,0
1213279384116686848,Hilarita01,2020-01-04T02:02:16.000Z,False,96,172,1235,0,178,266289,25,136,4,4,66,0,4,76,1,1,3,1,1,13,1,171,1
1221330711191465984,G_Gonzalez_11,2020-01-26T07:15:27.000Z,False,233,182,874,1,77,219447,29,336,2,1,26,0,1,19,0,0,11,0,0,4,0,62,1
3687244513,RonOrtegaCR,2015-09-26T00:55:14.000Z,False,145,257,22,0,3,0,0,12,0,1,0,0,0,0,0,1,1,0,0,0,0,3,0
4191009852,CrcEdgarsj,2015-11-10T14:21:10.000Z,False,290,1623,18137,13,1122,424051,176,589,1,52,251,24,14,60,2,42,158,23,11,21,0,658,1
160819357,AlonsoRetana90,2010-06-29T06:01:04.000Z,False,369,1053,2759,1,20,2815,2,7,0,3,12,0,1,10,0,0,2,0,0,0,0,28,1
1137171711328235521,DiarioDeporCR,2019-06-08T01:37:18.000Z,False,9066,772,8614,26,1427,138501,1300,18633,615,52,293,191,9,48,131,18,44,81,7,39,80,993,1
1156350549157175296,saballos_,2019-07-30T23:47:09.000Z,False,24,208,208,0,12,4865,1,0,0,1,5,1,0,5,0,1,0,1,0,0,0,14,0
52136914,valpharo,2009-06-29T18:14:12.000Z,False,231,418,6552,0,829,293042,221,1234,11,24,207,14,1,42,2,22,100,11,2,78,1,504,1
54974027,Averyjukes,2009-07-08T18:02:39.000Z,False,1086,173,13164,24,1,0,0,1,0,0,0,0,0,0,0,0,0,0,0,0,0,0,0
4579554553,lalfaroCR09,2015-12-16T23:58:21.000Z,False,93,1265,3120,2,153,7781,42,211,0,14,132,16,1,10,1,5,44,3,0,6,0,232,1
991068228196724736,AlcidesPrez3,2018-04-30T21:34:13.000Z,False,258,281,4331,0,116,62879,36,94,3,4,42,1,2,36,0,1,11,1,0,5,0,103,1
1054813515297574912,FuShoots,2018-10-23T19:15:14.000Z,False,22,75,1175,0,17,6,1,2,0,0,3,0,0,1,0,0,2,0,0,0,0,6,0
702333154888171520,spanzarini96,2016-02-24T03:24:07.000Z,False,296,519,3273,2,190,11423,57,208,2,0,50,0,0,18,0,0,22,0,0,27,0,117,0
714498578039836672,marialuizaps08,2016-03-28T17:05:10.000Z,False,247,393,5730,0,206,988407,62,233,3,0,104,0,0,67,0,0,20,0,0,7,0,198,0
1144004910008229889,clifford_las,2019-06-26T22:09:59.000Z,False,100,177,22121,0,2567,711275,49,127,3,40,376,1,39,231,0,9,90,1,0,0,0,787,0
1145142253171728384,4pisos,2019-06-30T01:29:23.000Z,False,69,89,18,0,1,5,2,12,0,0,0,1,0,0,1,0,0,0,0,0,0,2,0
1149878281312886784,EsterCarmonaR,2019-07-13T03:08:40.000Z,False,34,33,116,0,1,0,0,0,0,0,0,0,0,0,0,0,0,0,0,0,0,0,1
531921739,LaMachitaCR,2012-03-21T04:38:19.000Z,False,7874,4392,56881,27,955,4733,506,3300,33,98,161,125,25,59,59,80,70,72,19,27,12,807,1
55096942,ContodoRespeto,2009-07-09T01:23:56.000Z,False,308,592,25670,0,1949,362073,139,726,15,107,482,27,65,292,1,53,115,23,45,129,3,1342,1
56761093,JordanAvAr,2009-07-14T17:45:40.000Z,False,90,1151,3576,1,271,7631,98,290,4,10,54,5,1,9,1,7,36,4,2,8,0,137,1
57535811,lito2090,2009-07-17T03:14:33.000Z,False,1511,907,81693,12,48,2082,3,20,0,2,15,0,2,11,0,0,1,0,0,1,0,32,1
1267556745511141377,Higaku3,2020-06-01T20:41:11.000Z,False,60,55,858,0,113,17,33,406,1,0,24,0,0,0,0,0,20,0,0,0,0,44,1
1267696183176245248,CharlyGmusic,2020-06-02T05:55:10.000Z,False,5,28,45,0,9,710,0,0,0,0,3,0,0,1,0,0,0,0,0,0,0,4,1
332511612,ElTraficocr,2011-07-09T23:16:17.000Z,False,16792,1117,18721,58,35,345,27,119,6,8,11,35,2,2,15,7,7,9,2,3,0,101,1
335322450,dennisarayafoto,2011-07-14T14:16:12.000Z,False,202,354,1693,6,1,0,0,1,0,1,1,1,0,0,0,0,1,0,0,0,0,4,1
907610617934204928,YorlenyMorales3,2017-09-12T14:23:28.000Z,False,31,96,766,0,12,426,1,7,0,1,5,1,1,5,0,0,0,1,1,0,0,15,1
910249363787665416,dayannafbrenes,2017-09-19T21:08:54.000Z,False,79,79,562,0,6,149064,2,6,0,0,4,0,0,2,0,0,0,0,0,0,0,6,1
916740206149160961,ignacho562,2017-10-07T19:01:12.000Z,False,45,110,116,0,4,2326,0,1,0,0,4,0,0,1,0,0,0,0,0,0,0,5,1
918171957950107649,kdekenneth,2017-10-11T17:50:28.000Z,False,215,757,7326,0,219,43430,51,89,2,12,73,1,4,22,0,5,23,1,5,31,0,177,1
924654134342619136,MariaJo024183,2017-10-29T15:08:19.000Z,False,415,695,1791,0,8,40249,2,18,0,0,6,0,0,4,0,0,2,0,0,0,0,12,1
1317189846432124928,LuisMig08609503,2020-10-16T19:45:21.000Z,False,27,181,103,0,25,6,2,13,0,0,4,0,0,1,0,0,2,0,0,0,0,7,1
783309824637284352,SteffCruzCis,2016-10-04T14:16:30.000Z,False,1007,401,16391,2,348,213582,70,419,14,8,38,7,5,30,1,6,12,7,8,39,2,163,1
1375991569870901249,antonio_mesen,2021-03-28T02:02:20.000Z,False,4,53,2,0,1,0,0,0,0,0,1,0,0,0,0,0,0,0,0,0,0,1,1
2291593250,marielagb03,2014-01-14T19:29:36.000Z,False,412,589,1657,0,46,382086,3,11,0,2,31,0,1,27,0,0,2,0,0,3,0,66,1
191156601,luispaeze,2010-09-15T18:57:22.000Z,False,9,140,1128,5,1,0,0,0,0,0,1,0,0,0,0,0,1,0,0,0,0,2,1
1054011252102578176,CarlosReyesPe11,2018-10-21T14:07:19.000Z,False,12,119,48,0,1,0,0,5,0,0,1,0,0,0,0,0,1,0,0,0,0,2,1
1061144620258729984,rodrigogomezgd,2018-11-10T06:32:47.000Z,False,77,388,568,0,5,1287,0,2,0,0,5,0,0,2,0,0,3,0,0,0,0,10,1
1064285838966759425,Brandon_l0,2018-11-18T22:34:52.000Z,False,2002,56,168,5,6,50,3,57,0,1,3,21,0,1,0,1,2,1,0,1,0,31,1
1316584824644263936,Jazzvalzacr,2020-10-15T03:41:13.000Z,False,610,894,666,0,11,0,0,3,0,0,0,0,0,0,0,0,0,0,0,0,0,0,1
333756008,juanzzzz29,2011-07-12T01:22:33.000Z,False,202,2304,4458,0,116,53693,12,218,0,1,101,1,0,7,0,1,65,1,0,2,0,179,1
343153164,ofpty,2011-07-27T04:06:15.000Z,False,73,93,387,0,22,0,0,3,0,0,3,0,0,0,0,0,1,0,0,0,0,4,0
68570457,Clauazul,2009-08-25T01:27:59.000Z,False,347,341,16479,4,197,86959,9,111,1,0,46,0,0,37,0,0,4,0,0,7,0,94,0
789799171,Charliesuazo26,2012-08-29T17:34:10.000Z,False,382,720,15218,2,557,138087,89,627,5,0,325,0,0,47,0,0,200,0,0,51,0,623,1
809028902,AbarcaTorres,2012-09-07T14:59:15.000Z,False,202,222,2535,6,11,0,0,1,0,0,0,0,0,0,0,0,0,0,0,0,0,0,1
814080578,murias70,2012-09-09T23:29:57.000Z,False,7,52,4702,0,25,0,0,1,0,0,3,0,0,0,0,0,3,0,0,0,0,6,1
918170300,BCV_JBWKZ,2012-11-01T03:35:19.000Z,False,89,246,218,1,6,0,0,3,0,2,1,2,0,0,0,2,1,0,0,0,0,8,1
919287000,ArielHEspejo,2012-11-01T15:53:27.000Z,False,284,333,1192,3,16,0,1,16,0,0,1,0,0,0,0,0,0,0,0,0,0,1,0
28281993,jose_canas,2009-04-02T04:32:06.000Z,False,5770,2107,20623,27,8,52,4,4,0,2,1,1,1,0,0,1,1,1,0,0,0,8,1
309215213,AzofeifaRoger,2011-06-01T18:38:40.000Z,False,74,133,403,1,12,7,1,17,0,0,9,0,0,0,0,0,2,0,0,0,0,11,1
3431400975,nualaza,2015-08-19T12:43:43.000Z,False,600,1093,4016,41,184,136921,23,352,8,5,136,2,5,42,1,2,28,2,1,25,0,249,1
1164653722636574722,Iadyblnc,2019-08-22T21:41:28.000Z,False,1041,533,42514,69,14748,1420584,9575,16519,690,1,535,0,0,345,2,1,357,1,0,164,0,1406,0
1172177113975263232,alexisvar96,2019-09-12T15:56:27.000Z,False,180,220,2987,0,324,1134464,27,447,7,9,122,3,7,101,0,4,13,3,2,30,0,294,1
1172519070127853570,Ingry_HG,2019-09-13T14:35:20.000Z,False,28,168,106,0,11,1010,5,12,0,0,2,0,0,1,0,0,1,0,0,0,0,4,1
896960098010107904,StevenJRS16,2017-08-14T05:02:06.000Z,False,104,1572,353,0,70,1087897,15,38,0,2,35,1,1,26,0,1,15,1,0,0,0,82,1
2771899360,moonlightfumes,2014-09-16T02:46:41.000Z,False,268,265,8653,2,555,734682,157,955,24,0,85,0,0,59,0,0,21,0,0,40,0,205,0
2832069014,esca272,2014-09-25T16:53:26.000Z,False,9,125,271,0,13,0,0,0,0,1,5,0,0,0,0,1,4,0,0,0,0,11,1
2838268396,refriservicio1,2014-10-20T16:21:12.000Z,False,37,318,729,1,11,0,1,0,0,0,0,0,0,0,0,0,0,0,0,0,0,0,1
203263291,RoldanSr,2010-10-15T22:10:45.000Z,False,174,523,732,0,2,0,0,0,0,1,0,0,0,0,0,1,0,0,0,0,0,2,1
38560135,LauDelBarrio,2009-05-08T00:28:59.000Z,False,194,1167,1045,1,12,0,1,11,0,1,7,1,0,0,0,1,4,1,0,0,0,15,1
64471828,vjoa87,2009-08-10T18:18:24.000Z,False,497,1349,6201,2,28,6940,0,1,0,0,8,0,0,4,0,0,0,0,0,1,0,13,0
65746601,RafaSolano,2009-08-14T21:56:11.000Z,False,259,761,7956,3,276,63763,137,605,1,7,124,7,2,16,1,3,55,6,2,13,0,236,1
39824770,mausegura,2009-05-13T20:21:32.000Z,False,603,381,25577,20,10,950,3,12,1,0,2,0,0,2,0,0,0,0,0,0,1,5,1
1209637827266457600,PanteritaChill,2019-12-25T00:52:00.000Z,False,13182,1350,4154,10,498,14821,307,6505,38,21,91,32,0,15,12,19,63,20,6,51,5,335,1
110602564,Dr_rubo96,2010-02-02T03:44:25.000Z,False,1626,895,52304,8,664,1403176,34,259,3,18,186,1,17,207,0,3,6,2,2,32,0,474,1
3273313008,BarbozaDeya,2015-07-09T21:09:09.000Z,False,279,176,534,0,35,59194,3,42,0,1,11,0,2,12,0,0,0,0,0,3,0,29,1
3274787532,rebeihl,2015-07-10T19:58:53.000Z,False,294,578,7883,3,195,130792,37,299,2,8,56,3,8,33,0,1,18,3,4,13,0,147,1
230016924,betojjss,2010-12-24T01:13:00.000Z,False,81,385,809,1,78,144783,10,58,0,10,69,3,4,35,0,4,13,2,0,1,0,141,1
933728042,LuisDiegoBolano,2012-11-08T05:32:19.000Z,False,32,120,29,0,1,0,0,1,0,0,0,0,0,0,0,0,0,0,0,0,0,0,1
956085222,caorozcov,2012-11-18T19:32:27.000Z,False,78,668,1004,0,10,275,0,5,0,0,3,0,0,1,0,0,1,0,0,0,0,5,1
1006517192,_gvillalta,2012-12-12T14:45:28.000Z,False,70,232,1225,0,21,120463,0,0,0,0,17,0,0,14,0,0,1,0,0,0,0,32,1
128251408,jisave2004,2010-03-31T15:34:21.000Z,False,12,231,671,0,37,0,4,35,0,9,12,2,0,0,0,7,10,1,0,1,0,42,1
39620772,chizco,2009-05-12T23:00:07.000Z,False,2203,2170,16856,10,469,91,299,949,13,69,93,66,0,2,7,68,57,59,5,9,5,440,1
40178157,albolyn,2009-05-15T04:47:32.000Z,False,22,291,161,0,3,31,1,0,0,0,1,0,0,1,0,0,0,0,0,0,0,2,1
42919983,Memefistofeles,2009-05-27T16:39:47.000Z,False,311,827,7647,4,122,572497,0,49,0,0,98,0,0,53,0,0,18,0,0,5,0,174,0
1081023168,Becoamore,2013-01-11T21:47:07.000Z,False,2455,3097,28308,1,2033,29232,1516,6367,87,122,262,0,11,39,66,106,192,109,10,55,29,1001,1
251733583,LedaMoralesS,2011-02-13T18:58:32.000Z,False,221,1102,5316,2,21,17787,6,7,0,3,9,0,1,5,0,1,3,0,0,2,0,24,1
1334917328920834048,futbolerosgt,2020-12-04T17:48:09.000Z,False,1548,49,15293,4,2186,1037,243,3474,236,0,98,1,0,21,1,0,11,0,0,42,0,174,0
1339247887935565825,NazarethSolano1,2020-12-16T16:36:06.000Z,False,2,15,15,0,14,2,0,2,0,0,2,0,0,1,0,0,0,0,0,0,0,3,0
940249895755280384,travelingcooki1,2017-12-11T16:00:18.000Z,False,274,195,18565,7,745,56510,13,135,31,1,522,0,0,68,0,0,49,0,0,1,0,641,0
956903686550310917,barbiecarepicha,2018-01-26T14:56:32.000Z,False,3820,426,2323,3,337,36904,138,2619,11,21,83,24,3,15,12,17,63,15,6,15,2,276,1
1006580920198008834,MaxPowerBoedo,2018-06-12T16:56:07.000Z,False,353,955,7905,0,407,158484,60,480,9,0,132,0,0,118,0,0,25,0,0,42,0,317,1
1020039558044573696,your_AriesBitch,2018-07-19T20:15:56.000Z,False,120,305,13940,0,974,7249263,82,264,6,9,366,1,7,391,0,1,15,1,4,67,0,862,1
1262621407059599361,_soulmate22,2020-05-19T05:50:57.000Z,False,58,127,1633,0,132,54306,16,28,4,2,39,1,1,40,0,1,2,1,1,12,1,101,1
1099561286,Glenn_S_C,2013-01-17T23:49:06.000Z,False,168,555,746,0,14,0,3,6,0,2,6,0,0,0,0,1,4,0,0,0,0,13,1
1127075533,min_dany_,2013-01-28T05:16:38.000Z,False,957,3217,21013,1,1216,9562588,89,790,4,2,339,0,3,310,0,1,51,0,2,118,0,826,1
1150985894,DiegoMurilloCr,2013-02-05T13:43:53.000Z,False,448,1637,2658,0,16,703,6,5,1,2,4,2,0,1,0,3,0,2,0,0,0,14,1
1152370717,kennethacunas,2013-02-05T23:40:56.000Z,False,264,1289,6049,0,347,1861,105,284,2,37,98,13,0,6,2,23,49,13,5,13,0,259,1
1184300238,ronalamado,2013-02-16T01:43:12.000Z,False,4,25,72,0,1,0,0,0,0,0,0,0,0,0,0,0,0,0,0,0,0,0,1
237868802,cr_fiestas,2011-01-13T20:43:58.000Z,False,138,248,12151,4,31,1,1,2,0,0,2,0,0,1,0,0,0,0,0,0,0,3,1
772969833432436736,libroslibresxal,2016-09-06T01:29:04.000Z,False,1151,289,2873,3,68,410,1,49,1,2,14,2,2,8,2,0,0,0,0,0,0,30,0
775065662150418432,Allychansansama,2016-09-11T20:17:08.000Z,False,135,138,1302,0,74,0,0,8,0,0,0,0,0,0,0,0,0,0,0,0,0,0,1
