author_id,username,created_at,verified,followers,following,tweet_count,listed_count,cant_tweets_muestra,rt,vreplicas,likes,rtquotes,menciones_a_In,menciones_a_Out,menciones_de_In,rt_a_In,rt_a_Out,rt_de_In,rp_a_In,rp_a_Out,rp_de_In,rq_a_In,rq_a_Out,rq_de_In,Actividad,paisSN
1274847685250625539,Xx_ATLANTIS_xX,2020-06-21T23:32:40.000Z,False,13,117,72,0,8,1,1,1,0,0,4,0,0,1,0,0,1,0,0,0,0,6,1
237823199,alfatango1109,2011-01-13T18:28:15.000Z,False,182,246,4234,0,2,0,1,0,0,0,2,0,0,0,0,0,1,0,0,0,0,3,1
1115522551474741248,panameme5,2019-04-09T07:51:16.000Z,False,545,0,1270,0,194,24,3,397,7,0,0,4,0,0,4,0,0,0,0,1,1,10,1
746913036,osorio1319,2012-08-09T09:31:29.000Z,False,59,648,309,0,12,4589,6,3,1,2,12,2,0,2,1,0,2,1,0,0,0,22,1
874589162,LeydysPrincess,2012-10-12T00:18:21.000Z,False,66,146,1305,0,4,88352,1,0,0,0,2,0,0,1,0,0,0,0,0,0,0,3,1
946780416,dra_lbperdomo,2012-11-14T00:33:52.000Z,False,673,1037,3488,5,94,53832,2,6,0,0,17,0,0,6,0,0,6,0,0,0,0,29,0
1306681757861916674,Paoladanieelav,2020-09-17T19:49:53.000Z,False,102,126,200,0,21,14567,1,10,0,0,8,0,0,11,0,0,2,0,0,0,0,21,0
1244818677989617669,OmayraG02456122,2020-03-31T02:48:22.000Z,False,0,17,41,0,6,2,1,1,0,0,3,0,0,0,0,0,1,0,0,0,0,4,1
1245510878587387905,isamar0420,2020-04-02T00:38:37.000Z,False,26,26,57,0,7,34126,0,0,0,1,4,0,1,4,0,0,0,0,0,0,0,10,0
295176395,Octavioe18,2011-05-08T14:25:01.000Z,False,1163,847,3034,3,95,38743,9,31,0,11,44,1,5,18,0,7,11,1,3,5,0,106,1
148023788,deewiitt14,2010-05-25T16:54:09.000Z,False,139,219,14763,0,59,28896,0,9,0,4,16,0,4,15,0,0,0,0,0,7,0,46,1
2212478913,juliojcd2391,2013-12-07T16:57:21.000Z,False,288,576,901,0,53,20119,2,26,0,7,10,3,5,8,3,0,1,0,0,0,0,37,1
2309162936,ekainboga,2014-01-25T00:27:54.000Z,False,8,88,391,0,7,1,3,7,0,0,20,0,0,0,0,0,6,0,0,0,0,26,0
40743355,AleArauz,2009-05-17T21:42:05.000Z,False,18169,4313,85642,72,1268,936090,575,6858,102,80,262,153,50,152,94,35,71,65,10,14,17,1003,1
913654650934579200,jhvargas2020,2017-09-29T06:40:18.000Z,False,286,1277,3297,0,296,39173,44,421,14,1,152,0,0,51,0,1,39,0,0,21,0,265,0
1327690075182915586,HexadaGhost,2020-11-14T19:09:37.000Z,False,246,349,1349,3,9,0,6,4,0,0,7,0,0,0,0,0,7,0,0,0,0,14,1
1358047604148498432,Luis51602367,2021-02-06T13:39:31.000Z,False,2603,675,669,10,123,3239,151,3160,2,7,47,14,0,1,6,6,21,6,0,0,0,108,1
1537659122,Kilo_0216,2013-06-22T01:03:56.000Z,False,1655,1645,1499,0,72,533,3,71,0,1,9,0,0,3,0,1,2,0,0,0,0,16,1
283707981,kim0297,2011-04-17T21:17:39.000Z,False,692,354,31730,1,511,600378,153,666,19,13,108,11,6,67,6,7,43,5,2,29,3,300,1
2407652221,YoiCrespo,2014-03-23T19:32:01.000Z,False,827,949,38398,3,676,848206,20,343,14,0,235,0,0,272,0,0,5,0,0,17,0,529,0
51276851,rveruette,2009-06-26T23:42:42.000Z,False,1061,3061,19472,0,2453,98574,882,2432,52,244,706,159,101,254,66,124,334,84,14,29,17,2132,1
188867319,YosyMar_25,2010-09-09T19:49:23.000Z,False,185,506,3675,0,60,165526,1,18,0,1,23,0,1,19,0,0,1,0,1,0,0,46,1
192404872,elchombito31,2010-09-19T01:50:25.000Z,False,785,693,30001,1,546,514312,119,341,17,26,123,17,16,93,5,11,40,8,12,28,3,382,1
192686111,CorinaRuedaB,2010-09-19T21:38:29.000Z,False,2532,1880,34717,19,1762,3229286,1202,17027,568,124,527,354,91,405,313,40,109,142,23,114,98,2340,0
972915036,miguelolivarren,2012-11-26T23:49:55.000Z,False,503,647,2591,0,20,284,11,19,0,3,12,4,0,2,2,0,2,1,0,0,0,26,1
414984752,mercesaturno,2011-11-17T19:07:36.000Z,False,281,603,2054,0,7,0,0,2,0,0,4,0,0,0,0,0,2,0,0,0,0,6,1
431107692,RicardoGeorge1,2011-12-07T22:49:14.000Z,False,808,1934,31613,13,300,62985,14,26,1,29,103,1,20,69,0,3,10,1,5,20,0,261,1
134215459,villabarrientos,2010-04-17T19:41:10.000Z,False,782,473,20480,1,655,48710,83,352,1,0,433,0,0,85,0,0,222,0,0,24,0,764,0
1365507974152790019,FredTartaro,2021-02-27T03:44:22.000Z,False,9,88,196,0,24,17725,0,4,0,1,10,0,1,5,0,0,3,0,0,3,0,23,1
1365865252949282816,bbrightvcpa,2021-02-28T03:24:12.000Z,False,748,29,3849,1,82,54552,8,201,15,0,31,0,0,26,0,0,11,0,0,3,0,71,1
1208771766702788608,Mario41822032,2019-12-22T15:30:39.000Z,False,49,121,230,0,11,116,0,13,0,0,3,1,0,3,1,0,0,0,0,0,0,8,0
1285325700795453440,ChambucoP,2020-07-20T21:28:33.000Z,False,28,124,836,0,60,72341,10,24,0,5,33,1,3,21,1,3,8,0,0,4,0,79,1
1286272340716912641,CainneachCinaed,2020-07-23T12:10:11.000Z,False,326,1205,9101,0,2789,4115367,511,1771,47,88,556,31,66,404,9,37,180,24,19,119,9,1542,1
1306973232080224257,rodmedroc,2020-09-18T15:08:08.000Z,False,74,500,539,0,49,27056,6,32,0,5,14,3,5,15,2,0,1,0,0,1,0,46,0
2292035038,royerp3,2014-01-19T17:28:31.000Z,False,65,262,724,0,34,43176,6,23,0,5,31,1,1,10,0,3,15,1,0,0,0,67,1
7176732,mopx,2007-06-30T21:09:38.000Z,False,989,1109,40682,51,779,1933911,304,739,3,38,244,30,21,185,10,17,31,22,12,105,0,715,1
226742813,thehomiejose507,2010-12-14T23:36:17.000Z,False,47,76,214,0,3,0,0,0,0,0,1,0,0,0,0,0,1,0,0,0,0,2,1
1304898265880633344,MonteYuren,2020-09-12T21:43:20.000Z,False,1415,103,963,3,148,457,184,5168,8,1,11,8,0,0,5,1,5,3,0,0,0,34,1
540441336,yader_mendoza,2012-03-29T23:21:27.000Z,False,30,280,196,0,2,0,0,2,0,0,0,0,0,0,0,0,1,0,0,0,0,1,1
558711845,estebancarrasqu,2012-04-20T15:14:06.000Z,False,86,478,693,0,64,12875,14,72,0,12,40,4,2,3,1,9,21,3,0,0,0,95,1
559067768,Mdelrosario827,2012-04-21T00:51:05.000Z,False,283,726,10082,0,308,149072,26,214,5,25,121,2,13,79,2,10,34,0,5,23,0,314,1
1713765312,RaulitohCuadra,2013-08-30T21:42:58.000Z,False,112,89,10412,1,673,947510,0,1,0,23,267,0,27,299,0,0,0,0,0,0,0,616,1
378928390,lineth2703,2011-09-24T02:12:50.000Z,False,590,1599,5806,0,233,25084,69,385,8,34,104,20,20,47,7,10,43,10,2,10,2,309,1
379859016,alexis_noriel,2011-09-25T17:43:36.000Z,False,134,323,1599,0,5,0,0,0,0,0,0,0,0,0,0,0,0,0,0,0,0,0,1
1014166058,shariffakih1,2012-12-16T00:12:57.000Z,False,121,285,776,0,16,0,2,2,0,0,15,0,0,0,0,0,11,0,0,0,0,26,1
171387608,CarlosG15D,2010-07-27T06:38:43.000Z,False,1350,412,28056,1,68,10945,9,57,4,9,7,3,5,5,0,5,3,3,0,2,1,43,1
1144341645820858368,Ernst1693,2019-06-27T20:28:04.000Z,False,64,844,2867,0,289,762710,32,37,1,11,98,1,11,77,1,1,14,0,9,32,0,255,1
1149724464197844992,_thony29,2019-07-12T16:57:27.000Z,False,65,415,1063,0,41,32850,6,12,0,0,16,0,0,6,0,0,13,0,0,1,0,36,1
1180339282055176193,Enriquesmith27,2019-10-05T04:29:59.000Z,False,114,758,1361,0,221,356651,41,100,0,18,59,5,12,54,3,8,11,3,3,23,0,199,1
233932808,robertmendieta1,2011-01-04T13:10:36.000Z,False,1055,1036,57796,3,567,172267,52,139,9,27,114,8,24,86,2,8,24,7,5,23,1,329,1
322664987,PalyTejada,2011-06-23T15:06:00.000Z,False,232,659,4200,1,38,52839,1,10,0,3,7,0,2,6,0,1,1,0,0,0,0,20,1
326435953,jose_chong,2011-06-29T22:31:28.000Z,False,53,194,1204,0,41,3109,2,22,0,14,29,1,5,9,1,4,13,0,0,0,0,76,1
1254951889,KnelSandoval,2013-03-09T17:37:10.000Z,False,704,1286,2890,2,1,0,0,0,0,0,0,0,0,0,0,0,0,0,0,0,0,0,1
2960584073,lesterlsc31,2015-01-04T17:46:32.000Z,False,593,993,10769,4,358,81471,61,304,7,90,220,36,32,73,14,21,51,9,2,8,1,557,1
2972346711,felipevicente88,2015-01-11T01:38:41.000Z,False,3715,4994,18857,97,657,15,24,804,0,0,7,0,0,0,0,0,2,0,0,1,0,10,0
3260846952,delaspalmitas,2015-06-30T07:00:55.000Z,False,6,93,32,0,2,0,0,1,0,1,2,0,0,0,0,0,2,0,0,0,0,5,1
365539215,ROGELIOGARCIA16,2011-08-31T16:16:39.000Z,False,130,317,470,0,1,0,0,0,0,0,0,0,0,0,0,0,0,0,0,0,0,0,1
366712494,AngelaMontes10,2011-09-02T17:41:53.000Z,False,74,35,264,0,21,0,0,3,0,0,0,0,0,0,0,0,0,0,0,0,0,0,1
499132938,jdgodoy95,2012-02-21T20:16:15.000Z,False,1447,528,6380,11,475,511414,239,2602,30,1,193,1,0,98,0,0,63,0,0,44,0,400,0
946989865257897984,WatchMeFaceIt,2017-12-30T06:22:32.000Z,False,52,78,175,0,3,2,0,1,2,0,1,0,0,1,0,0,0,0,0,0,0,2,0
219929537,miglv,2010-11-26T08:41:43.000Z,False,517,490,31236,4,291,1231035,132,5458,160,1,142,0,1,127,0,0,18,0,0,15,0,304,1
230835111,albrookmall,2010-12-26T20:52:56.000Z,False,38635,331,5825,80,107,24,12,110,1,3,23,6,0,0,0,0,6,0,0,0,0,38,1
1144067407964778496,chichemes,2019-06-27T02:18:20.000Z,False,1189,419,12923,3,1976,6226169,678,4256,83,45,406,52,38,389,37,23,76,24,10,36,9,1145,1
304770375,dagmarmiranda,2011-05-25T02:35:22.000Z,False,499,394,5047,2,15,28,1,8,0,5,17,1,1,3,1,0,0,0,2,0,0,30,1
30864098,bellosoo,2009-04-13T13:30:38.000Z,False,1707,1161,25898,14,43,2,0,5,0,0,1,1,0,0,0,0,0,0,0,1,0,3,1
276054996,friko04,2011-04-02T15:12:16.000Z,False,164,173,15532,0,270,16752,6,47,3,22,57,3,18,42,0,2,1,1,27,60,0,233,1
280304149,JennifferVargas,2011-04-11T02:21:38.000Z,False,927,703,38143,8,171,715432,10,18,2,21,88,3,19,83,1,1,3,2,2,14,1,238,1
209135575,lucyGrettel,2010-10-28T15:45:37.000Z,False,431,321,6878,0,29,26326,6,29,0,0,11,0,0,7,0,0,3,0,0,0,0,21,1
906247399299055616,Jessicabeltranx,2017-09-08T20:06:32.000Z,False,3066,1596,850,4,35,747,8,237,0,1,15,1,0,2,0,0,3,0,0,0,0,22,1
1247942062084952065,PittyHenry,2020-04-08T17:39:22.000Z,False,21,163,4,0,1,0,0,0,0,0,0,0,0,0,0,0,0,0,0,0,0,0,1
1251763206353293312,Gerald04X,2020-04-19T06:43:22.000Z,False,30,33,58,0,1,0,0,1,0,0,0,0,0,0,0,0,0,0,0,0,0,0,1
1255236632380420100,Jmart76729064,2020-04-28T20:45:29.000Z,False,1,13,132,0,17,357,3,16,0,6,16,0,0,1,0,3,7,0,0,0,0,33,1
120627991,takemelost,2010-03-07T01:59:57.000Z,False,567,541,10583,0,1,0,0,0,0,0,0,0,0,0,0,0,0,0,0,0,0,0,1
126970796,NadirSofia,2010-03-27T16:07:47.000Z,False,137,237,5660,1,15,9711,1,3,0,1,4,0,1,2,0,0,1,0,0,0,0,9,1
1353607550332268544,bsmusicpa,2021-01-25T07:36:18.000Z,False,0,25,7,0,3,0,0,0,0,0,0,0,0,0,0,0,0,0,0,0,0,0,1
953722801583722497,chame_today,2018-01-17T20:16:50.000Z,False,1051,1842,3119,2,182,1311,80,737,27,34,94,47,4,12,22,15,35,15,0,8,3,289,1
973625440496701440,Paulethbe,2018-03-13T18:22:48.000Z,False,118,179,2967,0,343,108329,61,133,1,12,53,4,7,43,0,4,20,4,2,13,0,162,1
1041373658181246978,marcosebm22,2018-09-16T17:10:02.000Z,False,459,379,5711,0,619,482932,114,1305,20,41,134,21,39,117,17,11,34,6,7,53,7,487,1
1055589830183272454,LiberacionP,2018-10-25T22:40:02.000Z,False,58,195,352,2,7,8,0,13,1,0,9,0,0,1,0,0,4,0,0,0,0,14,1
1275503301010894853,ashleylinethg,2020-06-23T18:59:24.000Z,False,46,46,281,0,18,17061,5,9,0,0,6,0,0,5,0,0,2,0,0,0,0,13,1
2440321493,Zapagol26,2014-03-27T17:19:50.000Z,False,629,222,462,0,8,8,2,9,0,0,2,0,0,2,0,0,0,0,0,0,0,4,1
1286101116,avillalobos1980,2013-03-21T14:30:03.000Z,False,134,219,1192,0,31,1,13,31,1,8,11,2,0,0,0,5,5,1,0,2,0,34,1
1295439560,PaezCamargo,2013-03-24T14:21:36.000Z,False,57,636,1220,0,10,56800,0,2,0,0,13,0,0,7,0,0,3,0,0,0,0,23,0
1340077314,09stephany09,2013-04-09T20:10:47.000Z,False,39,75,206,0,5,34,0,0,0,0,1,0,0,1,0,0,0,0,0,0,0,2,1
147248846,AuraBatistaM,2010-05-23T16:17:08.000Z,False,282,249,3328,9,49,13798,3,10,0,3,8,2,2,3,1,0,3,1,0,1,0,24,1
151322582,harmodio19,2010-06-03T04:05:34.000Z,False,206,2227,6570,2,412,34075,46,83,4,66,228,13,5,18,6,37,131,8,3,17,0,532,1
410325780,juanpalacioCDN,2011-11-11T23:26:01.000Z,False,162,705,185,0,1,90,0,0,0,1,0,0,1,0,0,0,0,0,0,0,0,2,1
36372466,pmmoscoso,2009-04-29T14:40:41.000Z,False,176,547,1104,2,24,849,2,20,0,1,7,1,1,3,1,0,0,0,1,2,0,17,1
317601511,Darlenys14,2011-06-15T05:25:06.000Z,False,760,715,30345,10,228,59506,29,113,2,15,44,2,11,19,1,2,17,2,5,16,1,135,1
272015594,Giank34,2011-03-25T16:59:50.000Z,False,217,176,1336,7,8,0,0,2,0,0,2,0,0,0,0,0,1,0,0,0,0,3,1
1496708334,08carreraruben,2013-06-09T22:09:41.000Z,False,36,48,89,0,32,917,2,28,0,3,10,1,2,7,1,0,1,0,1,1,0,27,1
946635302,JA_Panama,2012-11-13T22:29:49.000Z,False,473,286,826,10,2,0,0,1,0,0,0,1,0,0,0,0,0,0,0,0,0,1,1
270915065,Julcesar28,2011-03-23T13:57:30.000Z,False,119,420,1218,0,17,387,2,12,0,8,9,2,2,1,1,3,4,1,0,0,0,31,1
29614487,j0rgillo,2009-04-08T02:18:27.000Z,False,195,1370,1339,2,5,1591,0,1,0,1,3,0,0,1,0,1,1,0,0,0,0,7,0
31184196,ZBer,2009-04-14T18:12:02.000Z,False,90,77,6322,5,10,0,5,1,0,0,4,0,0,0,0,0,4,0,0,0,0,8,1
2940252418,e_gomez08,2014-12-25T01:37:30.000Z,False,14,150,37,0,3,0,1,6,0,0,0,0,0,0,0,0,0,0,0,0,0,0,1
336259098,rjesus_27,2011-07-16T00:34:55.000Z,False,489,416,4487,2,60,738,5,28,3,5,12,1,5,11,0,1,2,1,1,7,0,46,1
338681420,YahaGT,2011-07-19T23:03:46.000Z,False,131,315,1139,0,43,876,6,31,0,12,21,0,0,2,0,9,11,0,1,1,0,57,1
75779597,Braulio_Carrera,2009-09-20T12:45:43.000Z,False,65,307,849,1,1,1,0,0,0,0,1,0,0,1,0,0,0,0,0,0,0,2,1
894446244,JUANF_V,2012-10-21T02:23:00.000Z,False,62,526,1042,0,32,1,0,0,0,0,0,0,0,0,0,0,0,0,0,0,0,0,0
903061069,Lord__kain,2012-10-25T02:29:20.000Z,False,161,135,4898,0,209,515,46,212,4,52,130,20,3,7,9,31,76,11,1,8,0,348,1
1358429604621541376,CarlosValdesD1,2021-02-07T14:57:38.000Z,False,2,62,27,0,4,0,0,6,0,2,1,0,0,0,0,2,1,0,0,0,0,6,0
1364104965845843970,Scarlin23_,2021-02-23T06:49:34.000Z,False,10,7,68,0,62,9027,1,5,0,2,6,0,1,5,0,0,0,0,0,1,0,15,0
1373329367942696963,CompaSerio,2021-03-20T17:43:45.000Z,False,137,148,229,0,17,3,1,8,0,0,8,0,0,1,0,0,4,0,0,0,0,13,1
175218096,jcastro0194,2010-08-06T00:42:43.000Z,False,171,313,850,1,78,54327,14,32,0,2,18,0,0,14,0,1,5,0,0,8,0,48,1
175903788,MariaPia2623,2010-08-08T00:02:31.000Z,False,406,711,19597,3,71,72405,3,8,0,13,34,3,11,24,0,2,2,1,1,12,0,103,1
178936453,yeiverano,2010-08-16T02:25:53.000Z,False,167,700,1328,1,17,51872,0,0,0,0,12,0,0,9,0,0,0,0,0,0,0,21,0
180062768,Rose_Graell,2010-08-18T19:09:56.000Z,False,634,1195,33374,4,993,742538,322,675,18,16,209,2,13,135,2,2,34,2,8,72,1,496,1
244236771,andreamontotob,2011-01-28T21:16:02.000Z,False,337,251,9663,0,385,644834,38,212,1,42,193,0,35,155,2,7,21,3,9,11,0,478,1
247995915,aldayr07,2011-02-06T01:20:30.000Z,False,608,975,1869,0,64,170139,4,38,2,6,41,3,7,34,0,1,3,1,0,1,1,98,1
248856554,mmostazo,2011-02-07T21:35:31.000Z,False,285,194,6261,4,415,81832,26,203,3,84,210,13,60,160,8,16,36,5,2,11,2,607,1
1240074461958856715,josedara26,2020-03-18T00:36:32.000Z,False,12,17,11,0,3,0,0,3,0,0,0,0,0,0,0,0,0,0,0,0,0,0,1
1240132685001035776,angel89804926,2020-03-18T04:27:48.000Z,False,2370,3054,8701,1,370,53793,9,79,0,14,165,0,14,151,0,0,4,0,0,0,0,348,1
1241520441568739329,Martine69004997,2020-03-22T00:22:27.000Z,False,5,24,307,0,46,124,0,4,0,1,9,0,0,2,0,1,2,0,0,2,0,17,1
32505334,JakeCortes,2009-04-17T18:13:17.000Z,False,2534,817,42964,0,695,276433,291,748,22,30,156,30,13,92,15,19,43,22,2,62,7,491,1
1329563248023248904,iam_isaias29,2020-11-19T23:12:47.000Z,False,19,14,19,0,7,3377,1,5,0,1,3,0,0,3,0,1,0,0,0,0,0,8,1
144967807,yorikatzu,2010-05-17T19:57:46.000Z,False,67,169,976,0,69,222,15,67,0,10,21,0,2,1,0,7,14,0,0,0,0,55,1
147078497,IAmTyGaskins,2010-05-23T04:38:20.000Z,False,1434,883,38962,6,177,89840,59,412,18,1,98,2,0,36,1,1,37,2,0,3,1,182,1
972681774,IsabelHaydee27,2012-11-26T20:50:32.000Z,False,250,222,9848,0,105,424502,8,13,0,10,53,0,11,51,0,0,2,0,0,5,0,132,1
1362199822250475520,Gnesis54806027,2021-02-18T00:39:09.000Z,False,4,47,4,0,2,0,0,2,0,0,0,0,0,0,0,0,0,0,0,0,0,0,1
873038866625601536,romario_baloyes,2017-06-09T04:47:40.000Z,False,168,428,564,0,77,41708,8,46,0,5,19,1,4,13,0,0,0,1,0,1,0,44,1
877775754569928706,whbitcoin,2017-06-22T06:30:22.000Z,False,1630,4954,16968,11,360,505234,9,103,1,0,205,0,0,105,0,0,58,0,0,3,0,371,0
1313535607113736193,Leivatech1,2020-10-06T17:44:38.000Z,False,8,80,185,0,92,0,1,0,0,0,2,0,0,0,0,0,1,0,0,0,0,3,1
1314642551241142277,CBuenpene,2020-10-09T19:04:37.000Z,False,347,273,216,0,72,0,30,87,1,7,46,1,0,0,0,3,20,1,0,0,0,78,0
1318089928920662017,kokyexx03,2020-10-19T07:21:55.000Z,False,58,69,85,0,33,61861,4,142,0,0,4,0,0,3,0,0,0,0,0,2,0,9,0
327984117,carolyntello10,2011-07-02T14:28:14.000Z,False,796,472,6258,0,144,309773,42,149,1,10,64,8,7,60,2,5,13,5,2,15,0,191,1
62550713,antguevara,2009-08-03T16:16:23.000Z,False,306,407,1483,0,31,21593,7,2,1,5,15,2,4,8,1,0,0,1,0,0,0,36,1
187982846,CiudaddelSaber,2010-09-07T17:02:20.000Z,False,36072,579,16106,208,407,2957,42,845,23,31,113,121,18,47,39,1,0,4,7,14,4,399,1
268017400,robinho2011pty,2011-03-18T00:31:14.000Z,False,184,386,2902,1,7,0,0,3,0,4,11,0,0,0,0,1,1,0,0,0,0,17,1
268460270,monteblack29,2011-03-18T20:35:48.000Z,False,612,469,6570,2,60,41804,4,33,1,14,49,4,2,22,0,2,4,1,1,1,0,100,1
269103958,BobbyRodp,2011-03-20T03:20:22.000Z,False,568,467,7990,0,284,256544,68,1169,26,18,95,31,15,73,25,5,26,7,2,19,6,322,1
271035994,healca_2021,2011-03-23T18:47:10.000Z,False,1359,4054,48181,5,2509,1366209,248,3133,55,3,1298,1,1,793,0,1,349,0,0,148,0,2594,0
1261646744338792455,omar51638665,2020-05-16T13:17:07.000Z,False,41,217,93,0,6,65,1,9,0,0,4,0,0,3,0,0,1,0,0,0,0,8,1
294248304,ricardogibbs,2011-05-06T20:02:31.000Z,False,50,41,123,0,1,6,0,0,0,0,1,0,0,1,0,0,0,0,0,0,0,2,1
1217223880441499648,aless1123,2020-01-14T23:16:11.000Z,False,40,86,146,0,14,273461,1,15,0,1,7,0,1,7,0,0,0,0,0,1,0,17,0
1218242156269330436,AngieRiveraC97,2020-01-17T18:42:31.000Z,False,86,113,1873,0,70,182576,19,35,2,9,12,2,5,10,1,4,3,2,0,0,0,48,1
315534717,Crisjemii,2011-06-12T01:35:32.000Z,False,643,779,12817,0,11,56895,0,1,0,1,4,0,0,3,0,0,0,0,0,0,0,8,1
262024303,yelenalourdes21,2011-03-07T05:23:41.000Z,False,434,511,17237,0,871,132949,111,364,98,20,50,15,9,30,7,14,18,12,10,33,5,223,1
1334944513241001986,VidaTip,2020-12-04T19:36:37.000Z,False,1,7,15,0,3,0,0,0,0,0,0,0,0,0,0,0,0,0,0,0,0,0,0
350036390,IsorisUniz,2011-08-07T03:18:18.000Z,False,200,646,1993,0,46,27623,0,8,0,9,33,5,6,18,1,2,4,0,0,0,0,78,1
358833596,Adrihnovey,2011-08-20T15:44:23.000Z,False,1340,1289,12418,0,2720,91529,896,11637,150,204,498,316,117,259,212,113,255,115,74,160,19,2342,1
734076679,PanamaIsaac,2012-08-03T03:30:27.000Z,False,461,604,8249,0,290,25989,97,330,1,83,228,19,19,39,6,40,106,14,0,0,0,554,1
745743302,SharomAlmeyda,2012-08-08T18:53:43.000Z,False,1773,493,13394,1,721,52642,441,2308,96,0,178,1,0,8,1,1,131,0,1,21,0,342,0
235551942,javitomix85,2011-01-08T13:52:30.000Z,False,40,537,21,0,4,0,0,0,0,0,2,0,0,0,0,0,0,0,0,0,0,2,1
327729093,AlbaCristancho,2011-07-02T01:53:06.000Z,False,32,91,98,0,1,0,0,0,0,0,1,0,0,0,0,0,1,0,0,0,0,2,0
328564720,kats23sole,2011-07-03T16:29:03.000Z,False,50,96,166,0,14,3,2,29,0,3,11,0,0,1,0,3,6,0,0,0,0,24,1
438859100,alme_fredy,2011-12-17T03:14:17.000Z,False,78,289,152,0,22,4,2,65,0,0,2,0,0,0,0,0,2,0,0,0,0,4,0
458628366,HurtadoVirgilio,2012-01-08T19:38:11.000Z,False,2507,1438,28546,13,92,910,34,104,0,11,41,8,5,12,5,7,16,4,0,0,0,109,1
153931679,j_oterob,2010-06-09T23:06:14.000Z,False,713,720,4197,39,62,3129,3,105,3,1,40,0,1,18,0,0,4,0,0,8,0,72,0
156438901,Juan_M_Zambrano,2010-06-16T23:32:21.000Z,False,119,703,1410,0,5,40,0,0,0,1,2,0,1,1,0,0,0,0,0,0,0,5,1
420039266,LaGabaRondon,2011-11-24T03:32:01.000Z,False,389,589,6249,6,24,32297,2,11,0,0,14,0,0,9,0,0,4,0,0,4,0,31,0
1251986770457243649,pdelyciosos,2020-04-19T21:31:38.000Z,False,354,809,192,0,9,1,1,1,0,1,0,1,0,0,0,1,0,1,0,1,0,5,1
233696195,AnabelDayan,2011-01-03T22:06:59.000Z,False,269,368,3222,0,2,0,0,3,0,0,3,0,0,0,0,0,2,0,0,0,0,5,1
2805116517,Diobellys,2014-10-04T14:33:04.000Z,False,917,942,35224,2,1170,1249413,159,1782,36,83,348,23,81,348,14,12,33,20,17,59,5,1043,1
2863986985,OdracirN,2014-10-19T03:11:29.000Z,False,18,19,132,0,6,1,0,7,0,0,5,0,0,0,0,0,1,0,0,0,0,6,1
2951075713,AneliseAyola,2014-12-29T23:00:15.000Z,False,109,337,1643,0,100,2894,12,6,0,1,14,0,1,14,0,0,0,0,0,0,0,30,1
2289073418,RivasBLizEsther,2014-01-13T04:10:32.000Z,False,39,31,1866,0,16,3,4,1,0,1,7,0,0,0,0,1,3,0,0,0,0,12,1
2374195398,LuisGomezGL,2014-03-05T18:45:44.000Z,False,1346,440,28438,9,274,235231,30,124,3,8,37,7,1,17,5,4,20,5,4,19,0,127,1
251755874,Ivanses21,2011-02-13T19:52:49.000Z,False,201,220,2492,2,41,682,2,9,0,2,17,0,0,4,0,2,6,0,0,7,0,38,1
1339130084,JayAlvarezNext,2013-04-09T12:57:16.000Z,False,1281,858,5009,8,38,38526,1,9,0,3,8,0,3,7,0,0,1,0,0,0,0,22,1
92665036,romeroro,2009-11-26T02:21:48.000Z,False,445,1090,8525,0,99,252,29,78,2,17,79,7,1,8,2,15,46,6,1,0,0,182,1
1317154378449641472,DavidCZapata,2020-10-16T17:24:21.000Z,False,27,26,14,0,3,57,0,5,0,0,1,0,0,1,0,0,0,0,0,1,0,3,0
1318370502927392774,Gabriel_A53,2020-10-20T01:56:57.000Z,False,81,118,117,0,21,1,3,9,0,1,4,1,0,0,0,1,3,1,1,0,0,12,1
1326620906114969605,StevenRoldan_,2020-11-11T20:20:57.000Z,False,64,60,593,0,169,533,2,202,1,0,7,0,0,7,0,0,0,0,0,0,0,14,0
2467407879,acarreoskimba,2014-04-07T13:52:15.000Z,False,60,224,484,0,30,39,6,5,1,4,13,0,0,1,0,0,6,0,0,0,0,24,1
51451081,eagrella,2009-06-27T14:27:02.000Z,False,580,1152,2513,7,1,1,0,0,0,0,4,0,0,1,0,0,0,0,0,0,0,5,0
56200041,Andreinaortiz,2009-07-12T21:45:22.000Z,False,1357,666,15949,17,67,13731,13,43,3,1,40,0,1,27,0,0,6,0,0,0,0,75,0
1343225882014580739,AbroDevate,2020-12-27T16:03:15.000Z,False,6,200,49,0,14,0,1,1,0,6,6,0,0,0,0,2,2,0,0,0,0,16,1
482373238,AlexsandherSaid,2012-02-03T20:49:51.000Z,False,88,444,38,0,4,31,2,0,0,1,2,0,1,0,0,0,0,0,0,0,0,4,1
279324040,jhonny1896_,2011-04-09T01:47:44.000Z,False,727,942,30178,5,1205,747762,142,657,21,26,252,7,26,243,3,10,70,4,16,76,3,736,1
143210999,FlamingoRosso,2010-05-12T22:10:52.000Z,False,1229,569,7250,3,539,1313,250,1037,24,25,60,29,2,2,12,22,47,22,14,28,5,268,1
309395357,jeulloa,2011-06-02T01:09:33.000Z,False,246,203,1161,1,14,53257,0,1,0,3,9,0,1,2,0,0,6,0,0,0,0,21,1
1406739194,Emeliia_17,2013-05-06T03:59:21.000Z,False,164,120,7763,0,66,93075,13,38,0,1,15,0,1,11,0,0,6,0,1,2,0,37,1
810540797590466560,erickamuy,2016-12-18T17:42:40.000Z,False,131,1305,659,0,80,5583,0,3,0,2,17,0,2,8,0,0,2,0,0,0,0,31,1
254281522,Roner_Elias,2011-02-19T00:23:40.000Z,False,1712,1286,3559,0,512,1852,116,345,4,22,235,9,0,4,2,18,179,7,0,3,1,480,1
856700527408816129,RuthDianaRodrg3,2017-04-25T02:44:57.000Z,False,16,128,63,0,1,0,0,0,0,0,1,0,0,0,0,0,0,0,0,0,0,1,1
78394354,Bolo04,2009-09-29T19:30:43.000Z,False,199,859,5221,0,66,161320,4,3,0,10,42,0,5,26,0,0,7,0,0,0,0,90,1
89535688,HOSWUALS,2009-11-12T20:43:36.000Z,False,5828,5269,119175,17,4828,159741,2717,7758,384,249,941,228,114,515,100,116,466,132,8,28,33,2930,1
1345969759330967552,ruttkos,2021-01-04T05:46:33.000Z,False,3,8,36,0,1,0,0,0,0,0,1,0,0,0,0,0,1,0,0,0,0,2,1
1348356379359252481,boquete_essenti,2021-01-10T19:50:43.000Z,False,9,63,55,0,35,8,3,18,0,2,5,1,0,2,1,2,1,0,0,0,0,14,1
1351646299381256193,AgustnAmador3,2021-01-19T21:42:59.000Z,False,31,30,7,0,4,0,0,22,0,0,0,0,0,0,0,0,0,0,0,0,0,0,0
466783192,Julioameth22,2012-01-17T19:51:54.000Z,False,705,599,1222,1,20,0,0,7,0,0,0,0,0,0,0,0,0,0,0,0,0,0,1
468492992,nicolesosa6,2012-01-19T16:07:44.000Z,False,127,287,2077,0,1,4008,0,0,0,0,1,0,0,1,0,0,0,0,0,0,0,2,1
470324573,catinitabonita,2012-01-21T16:55:04.000Z,False,942,413,15427,0,110,126107,52,248,3,6,45,5,5,37,3,5,14,5,0,0,0,125,0
264531207,BorisGaona,2011-03-12T02:04:04.000Z,False,793,1591,4386,17,8,0,0,0,0,0,0,0,0,0,0,0,0,0,0,0,0,0,1
267436888,EduardoStaff,2011-03-16T23:27:06.000Z,False,317,204,31844,5,39,150065,5,4,0,5,15,0,5,13,0,0,4,0,0,1,0,43,1
240894131,luckyshomerd,2011-01-21T00:16:20.000Z,False,867,1470,7406,4,246,34,0,54,0,0,2,0,0,1,0,0,0,0,0,0,0,3,0
402791525,AlexCuba15,2011-11-01T15:43:59.000Z,False,269,250,12414,1,38,5854,12,10,0,2,8,2,0,2,1,2,4,2,0,0,0,23,1
1033521738,carlosCollado17,2012-12-24T21:58:24.000Z,False,43,234,2949,0,38,15089,0,0,0,11,25,0,11,20,0,0,1,0,0,0,0,68,1
341735159,PhotoStudiomiP,2011-07-24T21:38:57.000Z,False,573,1991,439,3,1,0,0,0,0,0,0,0,0,0,0,0,0,0,0,0,0,0,1
1321520238924619778,DianaRichad,2020-10-28T18:33:49.000Z,False,26,232,321,0,21,14581,1,0,0,1,2,0,0,1,0,1,1,0,0,1,0,7,1
146864957,rosyaponte85,2010-05-22T15:00:19.000Z,False,112,190,634,0,6,0,7,5,0,2,6,1,0,0,0,2,1,1,0,0,0,13,1
948703966610841601,elpol99,2018-01-03T23:53:46.000Z,False,866,558,12609,0,494,1219683,188,1634,9,26,149,40,12,95,26,17,44,20,5,27,2,463,1
967593636207775744,Jos4Angel_2586,2018-02-25T02:54:34.000Z,False,16,362,426,0,8,1020,1,1,0,0,3,0,0,2,0,0,1,0,0,0,0,6,1
1216918757534240768,mcfluridmm,2020-01-14T03:03:46.000Z,False,30,48,546,0,3,1,1,3,0,0,1,0,0,0,0,0,1,0,0,0,0,2,0
2598932528,aruiz_f,2014-07-02T02:22:16.000Z,False,28,198,35,0,7,0,1,4,0,0,3,0,0,0,0,0,1,0,0,0,0,4,0
2738664440,Videnri,2014-08-17T01:17:13.000Z,False,9,108,460,2,113,9498,2,19,0,1,13,0,1,6,0,0,6,0,0,2,0,29,0
158982165,AlhassanM59,2010-06-24T04:18:10.000Z,False,53,228,569,0,51,53668,0,0,0,0,36,0,0,27,0,0,5,0,0,2,0,70,1
570338687,Sculpting_Body,2012-05-03T22:33:24.000Z,False,1162,1628,1408,13,9,5138,0,3,0,1,1,0,1,1,0,0,0,0,0,0,0,4,1
571314336,camilayanes2,2012-05-04T23:06:17.000Z,False,161,239,6826,1,44,8403,12,18,0,1,26,1,0,11,0,0,11,0,0,0,0,50,1
370101145,angelesqntro,2011-09-08T13:26:06.000Z,False,63,197,846,0,2,0,0,0,0,0,0,0,0,0,0,0,0,0,0,0,0,0,1
174716896,GrupoLaKshamba,2010-08-04T17:00:27.000Z,False,10429,4645,40557,42,154,479,27,504,11,7,36,15,1,5,7,3,13,3,0,2,0,92,1
613062267,denegrijr,2012-06-20T00:24:21.000Z,False,136,37,1244,0,5,152,0,0,0,0,1,0,0,1,0,0,0,0,0,0,0,2,1
148233171,gabrielelbrujo,2010-05-26T05:14:32.000Z,False,2033,1723,23349,4,1289,12060,816,2765,91,4,492,2,1,66,1,2,224,1,0,1,0,794,0
148534982,MarcoFCuellar,2010-05-26T23:34:30.000Z,False,2927,2707,7665,0,271,30256,45,361,13,1,305,0,0,43,0,0,89,0,0,36,0,474,0
153172298,aldrinaaron2010,2010-06-07T21:46:23.000Z,False,138,267,1270,0,2,2252,2,0,0,0,2,0,0,1,0,0,0,0,0,0,0,3,0
154797066,Tito15_,2010-06-12T06:28:52.000Z,False,108,639,696,0,13,15,2,5,0,0,12,0,0,1,0,0,5,0,0,0,0,18,1
166828270,Ypelliere,2010-07-15T02:50:08.000Z,False,17,53,222,0,16,0,0,0,0,0,1,0,0,0,0,0,0,0,0,0,0,1,1
170418792,sudemenz,2010-07-24T19:47:41.000Z,False,32,106,1777,0,27,2449687,4,4,0,1,7,0,1,5,0,0,1,0,0,0,0,15,0
172018912,Ezequielalfonso,2010-07-28T18:35:53.000Z,False,834,898,8438,9,31,5183,0,2,0,3,14,0,3,9,0,0,1,0,0,0,0,30,1
172924629,ce_salarauz31,2010-07-30T23:46:16.000Z,False,448,839,17850,1,2,26,0,2,0,0,1,0,0,1,0,0,0,0,0,0,0,2,1
1352691078118436867,vaporcat98art,2021-01-22T18:54:31.000Z,False,93,95,302,0,48,233,12,248,20,2,13,12,2,5,6,1,5,1,0,1,0,48,1
130692170,duttytoxico,2010-04-08T01:20:16.000Z,False,417,1252,969,0,57,143913,2,28,1,3,30,1,3,21,1,1,5,0,0,3,0,68,0
259076216,cecillorach,2011-03-01T02:53:53.000Z,False,475,154,2318,0,15,391,2,88,0,1,8,2,1,4,2,0,0,0,0,1,0,19,0
260413376,neiel12,2011-03-03T21:01:41.000Z,False,261,251,4665,0,17,12751,0,0,0,1,5,0,1,6,0,0,0,0,0,0,0,13,1
514522384,ultimasdeleste,2012-03-04T16:43:52.000Z,False,253,303,248,0,1,0,0,0,0,0,0,0,0,0,0,0,0,0,0,0,0,0,1
923319507795562496,BlandonPropone,2017-10-25T22:44:59.000Z,False,1034,195,1422,2,14,164,2,48,1,1,4,3,1,1,2,0,0,0,0,0,0,12,1
1154136402856202240,melaniemqm_,2019-07-24T21:08:56.000Z,False,224,237,6987,0,167,433485,21,138,4,13,79,0,13,65,3,3,17,2,2,9,1,207,1
189359751,reptiltony,2010-09-11T01:48:01.000Z,False,37,134,70,0,7,0,1,2,1,0,7,1,0,0,0,0,2,0,0,0,1,11,1
195211997,espinozala,2010-09-26T03:06:14.000Z,False,314,411,25385,5,99,36895,1,8,0,0,40,0,0,23,0,0,8,0,0,0,0,71,0
908752944,BEXLIFE_,2012-10-27T19:23:00.000Z,False,222,341,8053,1,297,206490,96,352,11,12,72,11,6,45,5,5,24,8,2,36,1,227,1
376260939,Oro_Pineda21,2011-09-19T15:47:15.000Z,False,622,1627,16020,0,381,41681,73,253,28,12,95,11,10,50,4,5,35,6,1,28,5,262,1
1140393435943321600,Karolinajanethr,2019-06-16T22:59:17.000Z,False,129,252,1649,0,3,0,0,4,0,0,0,0,0,0,0,0,0,0,0,0,0,0,1
102764238,Jonathan1808,2010-01-07T19:13:42.000Z,False,269,311,4739,0,8,0,5,2,0,2,3,2,0,0,0,1,2,2,0,0,0,12,1
307356920,Haroldpesantezp,2011-05-29T13:58:25.000Z,False,1921,586,11335,0,19,25,12,86,1,0,4,4,0,0,1,0,3,2,0,3,0,17,1
311749370,LuisReyU,2011-06-06T00:26:14.000Z,False,30,190,1776,0,145,387,13,55,1,40,79,7,6,9,2,22,45,3,0,0,0,213,1
3306205442,IrvingR26,2015-08-04T16:37:05.000Z,False,521,156,6039,0,778,121352,452,3128,93,35,79,132,4,29,88,33,49,48,5,17,21,540,0
3327574452,JuvyCano,2015-08-24T01:53:55.000Z,False,1628,1404,7518,2,558,17163,156,929,25,65,145,62,38,65,34,17,36,18,9,15,2,506,1
3435774687,reydesedas11,2015-08-22T19:08:25.000Z,False,8,204,248,1,35,285081,3,13,1,0,18,1,0,19,0,0,1,1,0,1,0,41,1
55979060,bujufer,2009-07-12T01:07:02.000Z,False,749,1795,53895,19,1064,72202,378,1109,44,29,106,56,9,57,22,19,31,36,8,50,9,432,1
63252142,senorloop,2009-08-05T20:48:35.000Z,False,7731,612,4694,56,96,272,26,303,11,18,75,50,17,47,17,1,10,5,0,0,4,244,1
94916622,strella_90,2009-12-06T02:33:58.000Z,False,202,86,4647,3,72,69039,12,16,0,2,22,0,2,12,0,0,7,0,0,2,0,47,1
262257998,DarlineYisleyns,2011-03-07T18:02:42.000Z,False,560,141,9201,4,149,15125,19,107,8,5,25,1,5,21,1,1,4,0,3,8,2,76,1
299237001,davisvelasquezh,2011-05-15T18:43:46.000Z,False,600,1879,1990,0,13,0,0,0,0,1,3,0,0,0,0,0,0,0,0,0,0,4,1
304205749,arthur_c3,2011-05-24T03:29:44.000Z,False,202,318,2951,1,3,0,0,0,0,0,2,0,0,0,0,0,1,0,0,0,0,3,1
1353588531671797761,bliss_507,2021-01-25T06:20:42.000Z,False,254,1374,687,0,50,14025,1,4,0,2,32,1,2,23,0,0,2,1,0,0,0,63,1
1355372127931797504,Jaen47599434,2021-01-30T04:27:59.000Z,False,312,431,3262,0,207,75280,4,104,0,7,59,0,7,51,0,0,5,0,0,2,0,131,1
394452534,juliochamorro28,2011-10-20T02:57:27.000Z,False,668,521,5932,0,17,958,1,2,0,4,5,1,1,1,1,1,2,0,0,0,0,16,1
395373834,ROSE2924053,2011-10-21T15:25:18.000Z,False,17,106,425,0,10,211,0,0,0,1,2,0,1,2,0,0,0,0,3,1,0,10,1
205493067,miguelmoren0g,2010-10-21T00:36:16.000Z,False,1538,573,14653,1,21,35389,4,4,0,2,4,0,2,3,0,1,0,0,0,0,0,12,1
1046465584341430272,cocogang777,2018-09-30T18:23:32.000Z,False,559,1919,2728,0,103,36949,6,105,0,8,53,1,4,25,1,5,30,0,0,1,0,128,1
357982869,thecarlapacheco,2011-08-19T05:39:27.000Z,False,306,202,10435,7,6,358,0,1,0,0,5,0,0,2,0,0,0,0,0,0,0,7,0
277200586,KingChangR,2011-04-04T22:14:25.000Z,False,569,439,5488,2,102,72216,16,49,0,0,25,0,0,15,0,0,4,0,0,12,0,56,1
400836714,revistaellas,2011-10-29T17:04:42.000Z,False,9901,920,19727,51,741,1005,180,1787,92,18,44,72,12,21,47,1,0,12,4,6,16,253,1
3000488379,PenelopeTrendy,2015-01-26T23:17:23.000Z,False,7311,1440,164554,872,227,1785,11,69,0,0,41,0,0,27,0,0,5,0,0,0,0,73,0
825508385047117826,carlitosss_pa,2017-01-29T00:58:31.000Z,False,66,37,1547,1,135,95588,23,242,0,3,21,0,3,16,1,2,7,0,0,2,0,55,1
1140442417390325760,_CieloChristina,2019-06-17T02:13:55.000Z,False,162,341,507,2,65,48922,8,37,1,14,35,1,10,26,0,2,11,1,0,0,0,100,1
101265370,calito_gonzalez,2010-01-02T17:01:27.000Z,False,456,1013,18687,6,70,4529,1,10,2,7,12,2,1,6,0,2,5,0,2,3,0,40,1
46504376,Kev275,2009-06-11T22:04:37.000Z,False,495,508,32766,1,276,591802,106,118,2,12,84,7,4,38,2,10,29,6,1,18,0,211,1
629993232,karlamercedes98,2012-07-08T04:55:20.000Z,False,540,233,18018,0,122,60220,14,88,3,6,42,1,7,43,0,1,9,1,0,4,1,115,1
2874563553,qsopajoel457,2014-11-13T02:43:44.000Z,False,21,22,332,0,18,0,0,0,0,0,2,0,0,0,0,0,0,0,0,0,0,2,1
2947442481,rjsierram,2014-12-29T01:17:42.000Z,False,75,461,2198,0,143,13987,16,68,0,12,108,2,6,42,1,1,19,0,1,10,0,202,1
342018171,robles5erick,2011-07-25T10:21:08.000Z,False,408,2055,5007,3,55,81,5,8,0,12,23,2,0,2,1,2,9,1,0,0,0,52,1
1170016589007261696,AnadeLeon_,2019-09-06T16:51:19.000Z,False,623,1449,4880,11,416,20708,79,508,4,6,113,6,3,27,5,3,26,2,10,60,0,261,1
1176620032736055296,jasethx,2019-09-24T22:11:03.000Z,False,7,55,71,0,15,54,0,0,0,0,2,0,0,2,0,0,0,0,0,0,0,4,1
1181683878458793986,DavidMa78618654,2019-10-08T21:33:05.000Z,False,9,125,61,0,9,775,0,0,0,1,6,0,1,5,0,1,0,0,0,0,0,14,1
1314931797139034112,llptaty,2020-10-10T14:13:30.000Z,False,38,40,108,0,27,4283,5,59,0,0,8,0,0,5,0,0,5,0,0,0,0,18,0
410087897,sushiexpresspty,2011-11-11T16:33:48.000Z,False,16007,5935,11691,49,62,2,3,12,0,1,6,9,0,0,1,1,2,0,0,0,0,20,1
969416119793709058,Maynrmora15,2018-03-02T03:36:28.000Z,False,16,39,124,0,4,2,1,2,0,1,1,0,0,0,0,0,1,0,0,0,0,3,1
1128038388215549954,xRanH3x92,2019-05-13T20:44:44.000Z,False,6,9,72,0,11,0,2,3,0,1,7,1,0,0,0,1,4,1,0,0,0,15,1
4448567427,RCCGDCHPANAMA,2015-12-11T13:05:59.000Z,False,82,133,2238,0,233,0,1,13,0,0,2,0,0,0,0,0,0,0,0,0,0,2,1
1022994426,litdorita,2012-12-19T22:20:10.000Z,False,647,878,1375,12,43,233091,7,211,2,4,29,1,1,15,0,1,11,0,1,1,1,65,1
1033930694,Delrosario0587,2012-12-25T03:08:51.000Z,False,473,3444,8228,2,226,258875,47,137,24,28,86,14,6,25,7,10,34,7,7,20,3,247,1
1103838889,j6pitti,2013-01-19T14:30:34.000Z,False,509,425,6792,0,49,96346,5,219,3,0,14,6,0,8,6,0,4,0,0,0,1,39,1
1241373392,MBarreto_RC,2013-03-04T13:34:25.000Z,False,1569,473,1568,14,63,223,5,335,16,1,21,0,1,4,2,0,1,0,1,2,1,34,0
309141124,oeipanama,2011-06-01T16:06:30.000Z,False,1138,549,3493,15,309,1897,17,344,14,12,89,22,11,44,10,1,0,2,1,1,4,197,1
87500273,AlejandroPerals,2009-11-04T18:32:40.000Z,False,238,122,14222,0,26,16,6,34,0,1,6,0,1,1,0,1,4,0,0,1,0,15,1
1118325339816628225,FelxCeballosG,2019-04-17T01:28:33.000Z,False,56,54,1043,0,37,504,0,26,1,16,29,3,4,9,3,5,7,0,0,0,1,77,1
391755609,elpiolinpty,2011-10-16T02:05:33.000Z,False,1872,2040,2220,12,1,0,0,0,0,0,1,0,0,0,0,0,0,0,0,0,0,1,1
178825855,AmadorS_G,2010-08-15T20:09:49.000Z,False,729,653,43662,6,503,122116,228,290,15,29,74,17,22,49,6,12,28,13,32,64,6,352,1
851836099,Marcomaisonnave,2012-09-28T22:25:51.000Z,False,666,424,7044,1,4,51784,0,2,0,0,1,0,0,1,0,0,0,0,0,0,0,2,0
1299000301630836738,maravillosomix,2020-08-27T15:06:34.000Z,False,7024,7036,50755,8,7321,6640291,733,4035,76,0,1998,0,0,1355,0,0,459,0,0,55,0,3867,0
1309659562891522049,dulceVa98062249,2020-09-26T01:03:46.000Z,False,13,95,40,0,13,5435,0,2,0,0,4,0,0,2,0,0,2,0,0,0,0,8,1
1083953888603062272,annarenee800,2019-01-12T05:08:40.000Z,False,374,94,23863,0,114,1567623,7,77,2,0,65,0,0,69,0,0,5,0,0,1,0,140,1
1099402467639549952,niaelmor1,2019-02-23T20:15:48.000Z,False,16,95,100,0,1,4624,0,0,0,0,1,0,0,1,0,0,0,0,0,0,0,2,1
1100108111724068865,Karladefrias,2019-02-25T18:59:47.000Z,False,1246,599,39488,2,2621,3305692,790,6681,280,71,469,110,68,461,91,35,152,38,34,123,40,1692,1
378937179,ambarjeanette,2011-09-24T02:36:03.000Z,False,338,318,12068,0,580,386472,92,509,13,27,101,7,23,87,5,8,18,5,5,31,2,319,1
135205488,AddisAinara,2010-04-20T16:45:49.000Z,False,201,180,13683,1,45,131996,9,13,0,8,14,2,7,9,0,1,3,2,1,1,0,48,1
101571380,TattyLidieth,2010-01-03T20:59:18.000Z,False,1032,589,10892,3,169,2650,30,181,3,3,22,9,1,7,7,1,12,2,14,43,0,121,1
105249594,k3ymib,2010-01-15T20:38:36.000Z,False,70,212,1435,2,5,0,0,0,0,0,0,0,0,0,0,0,0,0,0,0,0,0,0
112872101,Verosgt,2010-02-10T00:05:44.000Z,False,644,703,8069,0,47,10771,15,67,0,9,48,1,3,10,0,3,11,1,0,1,0,87,1
122550239,babuenop,2010-03-13T03:04:48.000Z,False,532,822,10343,29,175,340148,64,417,4,4,72,2,1,26,0,2,36,2,0,3,1,149,1
129391726,WendyGarcia04,2010-04-04T04:19:21.000Z,False,371,281,6334,1,14,2102,7,13,0,1,7,0,1,1,0,0,5,0,0,0,0,15,1
3430090715,Maucoder,2015-08-18T16:22:50.000Z,False,104,244,946,2,22,176461,0,0,0,0,25,0,0,18,0,0,0,0,0,2,0,45,0
6342542,samuelazout,2007-05-26T15:16:07.000Z,False,49940,1468,74273,379,1240,101587,1294,17662,290,12,626,15,9,303,9,2,109,5,2,53,1,1146,0
1358599704997675014,DeGuayoyito,2021-02-08T02:14:55.000Z,False,8,57,2,0,2,0,0,3,0,0,0,0,0,0,0,0,0,0,0,0,0,0,1
851988284,NathalieMaraa,2012-09-29T00:47:50.000Z,False,1128,427,23027,0,366,334674,15,758,1,11,78,2,13,89,2,2,3,1,4,18,1,224,1
1371624937123946498,Morboso86800791,2021-03-16T00:51:14.000Z,False,218,1606,33,1,5,11577,0,3,0,0,4,1,0,3,1,0,0,0,0,0,0,9,1
1072529654915969024,Tatim1104,2018-12-11T16:32:51.000Z,False,51834,1819,5892,83,141,99739,455,11091,15,1,102,0,1,87,0,0,7,0,0,3,0,201,0
117264533,cherryOws,2010-02-25T02:07:23.000Z,False,237,134,44086,3,125,33141,15,36,1,11,53,2,6,24,1,4,28,1,0,0,0,130,1
3101918087,Ayayai27,2015-03-21T14:42:45.000Z,False,66,42,83,0,4,0,0,3,0,0,1,0,0,0,0,0,1,0,0,0,0,2,1
3250014186,banconalpa,2015-06-19T20:54:12.000Z,False,8238,468,8297,33,281,90,102,291,7,32,109,121,0,2,11,23,90,13,0,1,1,403,1
3264590915,meelichann,2015-05-17T00:55:12.000Z,False,557,195,5229,1,115,94727,56,251,1,2,37,0,2,15,1,2,24,1,1,2,0,87,1
1056039904206032896,kevinpabon_,2018-10-27T04:28:28.000Z,False,3747,472,330,2,10,93,5,1767,2,0,1,0,0,0,0,0,1,0,0,1,0,3,0
176659032,HCastro26,2010-08-10T02:59:16.000Z,False,129,165,4912,2,7,0,4,4,0,1,4,1,0,0,0,0,1,1,1,0,0,9,1
182369730,unionsantena_i,2010-08-24T12:54:00.000Z,False,738,1499,7029,2,279,6838,9,72,3,27,65,11,17,28,6,4,8,0,2,0,0,168,1
52245680,watsaby,2009-06-30T00:35:43.000Z,False,505,360,14173,0,140,252920,37,79,0,16,79,9,12,51,5,6,24,3,1,5,0,211,1
65928568,cianz,2009-08-15T16:25:32.000Z,False,2658,829,6424,14,791,30243,12,304,6,0,110,1,0,81,1,0,0,0,0,0,0,193,0
203378298,Alurriola01,2010-10-16T03:50:59.000Z,False,323,684,2198,0,15,341,1,0,0,1,5,0,1,1,0,0,0,0,0,0,0,8,1
4843528013,tommy05m,2016-01-24T22:21:53.000Z,False,124,112,3343,0,259,225775,62,175,2,3,60,2,2,41,1,1,21,1,7,18,0,157,1
1243658629439533060,marlenysrod31,2020-03-27T21:58:53.000Z,False,9,58,377,0,44,17965,13,23,0,0,27,0,0,4,0,0,21,0,0,0,0,52,1
1247230164901203973,NuriaJimenez05,2020-04-06T18:31:51.000Z,False,6,67,37,0,13,0,0,0,0,0,0,0,0,0,0,0,0,0,0,0,0,0,1
1248055178185576450,Isabellav0324,2020-04-09T01:08:46.000Z,False,58,86,309,0,61,163364,5,67,1,2,21,1,2,20,1,1,4,0,0,3,0,55,1
1188301749381189638,AAAANGEEEELAAA_,2019-10-27T03:50:02.000Z,False,10,93,1333,0,246,788970,1,0,0,0,105,0,0,105,0,0,0,0,0,2,0,212,0
1196786709792514048,badyalll,2019-11-19T13:46:14.000Z,False,47,41,647,0,47,1647,9,42,3,4,14,0,2,8,0,1,4,0,0,5,0,38,1
849091254138925056,luv2makeusquir1,2017-04-04T02:48:25.000Z,False,2114,3372,472,0,14,1,2,50,0,0,10,0,0,1,0,0,4,0,0,0,0,15,0
1094769883844411394,awwstrid,2019-02-11T01:27:34.000Z,False,581,258,16143,0,943,2360758,129,875,20,34,284,0,40,295,10,4,19,9,11,54,3,763,1
1096346751437598720,_Rodolfoooooo,2019-02-15T09:53:29.000Z,False,107,309,5567,0,416,236851,90,217,5,11,65,0,9,65,1,3,12,3,2,17,1,189,1
27569706,EDiggelmann,2009-03-30T02:56:34.000Z,False,381,274,10029,12,563,90704,59,404,5,93,212,23,76,147,15,17,55,7,6,7,2,660,1
27998827,FrankChollywood,2009-03-31T23:51:13.000Z,False,138554,3814,55517,198,941,22551,5231,73298,1543,115,291,1174,45,88,743,64,137,449,19,27,249,3401,1
1696917535,Diversion507,2013-08-24T16:27:06.000Z,False,4821,2340,3838,11,1,2,3,15,0,0,0,0,0,0,0,0,0,0,0,0,0,0,1
1240772283104481282,carlosraul_31,2020-03-19T22:49:07.000Z,False,62,118,554,0,180,7943,46,144,2,51,77,12,8,18,6,26,41,6,2,1,0,248,1
171236619,Rlby,2010-07-26T22:03:46.000Z,False,171,222,905,1,6,0,0,0,0,0,0,0,0,0,0,0,0,0,0,0,0,0,1
172630596,johndinho,2010-07-30T05:14:32.000Z,False,604,483,2225,0,41,192,8,84,0,14,30,4,0,7,2,2,11,2,0,1,0,73,1
97343126,apronad,2009-12-17T02:34:43.000Z,False,884,2327,5134,25,193,2104,1,2,0,3,33,1,3,22,1,1,0,0,0,0,0,64,1
746570696785002497,dianaesthers02,2016-06-25T05:08:19.000Z,False,654,400,1991,0,41,1251,293,3637,87,4,23,174,1,5,117,3,13,36,1,0,28,405,1
923257632483356673,IsidoroVega3,2017-10-25T18:39:07.000Z,False,4,112,167,0,8,0,0,0,0,3,5,0,0,0,0,2,4,0,0,0,0,14,1
799045155512811522,Roberto25071392,2016-11-17T00:23:05.000Z,False,12,82,620,0,48,217,1,10,0,1,30,0,1,1,0,0,9,0,0,0,0,42,1
1186871410104377344,McMarcosJr30,2019-10-23T05:06:23.000Z,False,38,116,53,0,10,1932,1,14,0,1,5,0,0,1,0,1,5,0,0,0,0,13,1
1191956076826103808,noname_2849,2019-11-06T05:50:57.000Z,False,61837,897,5134,179,75,123108,0,16,0,0,36,0,0,25,0,0,2,0,0,1,0,64,0
596948885,KimberlyQJ,2012-06-02T00:58:14.000Z,False,69,390,495,2,17,0,1,1,0,0,0,0,0,0,0,0,0,0,0,0,0,0,0
26849343,WapinJoe,2009-03-26T20:59:24.000Z,False,1071,648,58626,16,377,15315,221,411,8,36,91,42,1,8,14,34,60,31,4,6,3,330,1
3031167213,gomezarosemena,2015-02-11T20:28:47.000Z,False,630,1753,3110,4,10,124,1,3,0,2,5,0,1,4,0,0,0,0,0,1,0,13,1
829976348,camilacortesh,2012-09-17T23:13:11.000Z,False,407,242,12834,0,190,914377,41,147,3,11,79,1,12,60,0,2,15,1,1,8,0,190,0
96929002,jenriquediaz,2009-12-15T06:39:36.000Z,False,494,487,29285,2,752,456667,133,444,6,42,176,15,14,62,7,22,72,10,29,128,2,579,1
1333845856525709313,monidaniela,2020-12-01T18:50:23.000Z,False,7,420,10,0,4,0,0,6,0,0,2,0,0,0,0,0,2,0,0,0,0,4,1
1362214797253758979,BoqueteDestino,2021-02-18T01:38:51.000Z,False,1,18,4,0,4,5,0,0,0,0,1,0,0,1,0,0,0,0,0,0,0,2,1
1271118711865389058,diegoCOLbirding,2020-06-11T16:35:07.000Z,False,709,1,322,5,5,3,0,11,0,0,1,0,0,1,0,0,0,0,0,1,0,3,0
234643226,ItsCheg,2011-01-06T05:39:32.000Z,False,235,171,23395,5,139,295297,20,94,2,6,41,2,4,32,1,2,9,2,1,15,1,116,1
163720658,YesibelB,2010-07-07T03:20:14.000Z,False,1026,989,5576,13,45,32505,1,13,0,12,29,1,7,17,1,0,0,0,3,4,0,74,1
716023532711493633,JosLeAriCe,2016-04-01T22:04:48.000Z,False,445,508,985,0,31,2478,8,12,0,1,11,0,0,3,0,1,7,0,0,0,0,23,0
488671210,lalarrocha,2012-02-10T18:19:12.000Z,False,93,133,1353,0,2,6,0,0,0,1,1,1,0,1,1,1,0,0,0,0,0,6,1
263371173,Samudio14,2011-03-09T22:40:11.000Z,False,108301,330,44687,290,1023,329750,1176,6009,73,56,335,279,18,144,70,22,83,105,7,52,13,1184,1
270173012,ellerycruz,2011-03-22T03:47:11.000Z,False,291,1106,1509,1,5,1,0,0,0,1,6,0,0,0,0,0,1,0,0,0,0,8,1
275637754,Kryssthian_,2011-04-01T17:47:29.000Z,False,381,410,7680,1,478,1181814,92,584,53,15,79,23,11,70,18,7,20,7,9,57,12,328,1
199046777,AnyelinV,2010-10-05T22:19:26.000Z,False,439,323,12661,0,636,589646,222,1146,24,54,172,21,48,125,13,9,50,10,26,71,3,602,1
1965574916,vicesc10,2013-10-16T21:42:14.000Z,False,496,646,6416,3,310,218447,99,567,4,25,72,15,7,25,5,14,42,11,7,21,0,244,1
2192243836,FranNoffra,2013-11-23T03:04:53.000Z,False,1529,332,540,6,44,1834,0,33,0,2,8,0,1,8,0,0,0,0,1,1,0,21,0
2222536430,rgomez_sti,2013-11-30T05:46:28.000Z,False,130,914,241,1,11,30523,2,0,0,4,9,1,0,1,0,2,4,1,0,2,0,24,1
2251089981,GonzaNativi,2013-12-30T00:33:48.000Z,False,358,788,10946,1,259,61685,9,51,1,46,173,4,21,100,4,15,46,1,0,0,0,410,1
325159918,IYelina,2011-06-27T20:51:43.000Z,False,647,1346,1145,7,10,39,0,1,0,0,2,2,0,1,0,0,0,0,0,0,0,5,1
385512153,AlfredoMauad,2011-10-05T16:44:41.000Z,False,451,603,2529,0,110,1813,47,172,1,27,107,17,7,24,9,7,25,6,1,4,0,234,1
106011587,luistemph,2010-01-18T06:14:33.000Z,False,278,479,845,0,7,0,2,5,0,1,6,0,0,0,0,0,2,0,0,0,0,9,1
110446538,randycuevass,2010-02-01T15:41:23.000Z,False,1445,1228,7878,3,18,2,2,3,0,2,5,0,0,2,0,1,2,0,0,0,0,12,1
562604397,MileAnneth,2012-04-25T02:25:24.000Z,False,318,358,823,5,1,0,0,0,0,0,0,0,0,0,0,0,0,0,0,0,0,0,1
565090437,shabp15,2012-04-27T23:54:16.000Z,False,601,222,89349,1,1961,3450274,14,26,1,188,818,0,196,860,1,2,9,2,0,3,0,2079,1
975555695645986816,Marcela01917352,2018-03-19T02:12:57.000Z,False,35,324,1026,0,55,1730,8,33,0,20,30,2,4,5,1,3,6,1,0,0,0,72,1
1020588851516137472,frankiejunior29,2018-07-21T08:38:38.000Z,False,279,201,926,0,121,162056,24,420,1,0,51,0,0,42,0,0,10,0,0,15,0,118,0
1038492090865463296,Edgar15649267,2018-09-08T18:19:43.000Z,False,9,48,210,0,1,0,0,0,0,0,1,0,0,0,0,0,1,0,0,0,0,2,0
288016821,acentellam,2011-04-26T02:56:27.000Z,False,61,251,187,0,3,0,0,1,0,0,4,0,0,0,0,0,2,0,0,0,0,6,1
368505990,migracionpanama,2011-09-05T19:07:16.000Z,True,62482,542,22564,162,546,16899,376,3321,62,21,47,290,11,14,49,1,16,26,2,4,8,489,1
60230199,LicMenal,2009-07-26T04:17:55.000Z,False,787,1271,71405,25,39,727,11,8,0,0,30,0,0,8,0,0,12,0,0,5,0,55,0
54452818,n_frank03,2009-07-07T04:43:43.000Z,False,156,697,9815,0,494,283996,14,64,0,28,119,2,16,81,2,1,13,0,1,5,0,268,1
57674131,vlad0x,2009-07-17T15:39:28.000Z,False,45,114,294,2,10,0,0,7,0,0,5,0,0,0,0,0,1,0,0,1,0,7,1
61430693,marioquiros,2009-07-30T08:16:44.000Z,False,582,734,14041,5,47,71,19,137,7,7,17,17,1,0,12,6,10,6,0,0,3,79,1
220077382,JACarranzaP,2010-11-26T18:24:19.000Z,False,253,333,25262,2,1910,1930710,162,897,12,125,414,35,99,320,22,12,44,16,76,224,3,1390,1
223987949,Zely_Mc,2010-12-07T21:27:44.000Z,False,177,131,17176,1,111,263180,2,10,0,6,51,1,5,49,0,0,0,1,2,7,0,122,1
468897582,Dorsarpty,2012-01-20T01:14:56.000Z,False,2286,3040,47322,25,976,6184,571,1059,70,80,193,83,22,31,39,49,94,50,8,25,12,686,1
332399472,oscarin2509,2011-07-09T18:48:31.000Z,False,127,231,489,1,17,0,0,3,0,1,8,0,0,0,0,1,5,0,0,0,0,15,1
338193519,MairenaLorain,2011-07-19T06:22:26.000Z,False,81,372,818,1,10,1,0,6,1,0,1,1,0,0,1,0,1,0,2,1,0,7,1
523230105,diorismoralesb,2012-03-13T13:00:44.000Z,False,527,1617,17888,1,64,27668,1,16,0,3,14,1,3,10,1,1,0,1,1,0,0,35,1
537790979,AndyWar507,2012-03-27T02:57:39.000Z,False,386,169,6067,2,19,34,0,0,0,0,3,0,0,1,0,0,0,0,0,0,0,4,1
563966880,luisremon05,2012-04-26T17:13:33.000Z,False,1048,1475,4706,6,162,42145,18,98,1,29,92,3,15,44,0,13,32,2,0,1,0,231,1
340056231,flaco_ramos,2011-07-22T02:21:47.000Z,False,193,1035,520,1,1,0,0,0,0,0,0,0,0,0,0,0,0,0,0,0,0,0,1
1294036138051633156,EfrainMendozaC,2020-08-13T22:20:45.000Z,False,60,217,678,0,65,26292,7,75,0,0,7,0,0,5,0,0,1,0,1,8,0,22,1
1459950062,evaryviryill,2013-05-26T15:33:47.000Z,False,770,1777,42111,2,498,338943,37,96,5,17,119,7,12,88,3,4,16,5,20,76,1,368,1
1519892492,djjunitomix,2013-06-15T16:55:20.000Z,False,744,300,34210,1,1006,499763,73,352,14,37,162,9,36,186,7,7,13,3,5,16,4,485,1
1589289476,andreinamt17,2013-07-12T19:58:03.000Z,False,15,4,472,0,2,0,0,1,0,1,1,0,0,0,0,1,1,0,0,0,0,4,0
1217299935386882048,willson_alfredo,2020-01-15T04:19:00.000Z,False,25,331,67,0,7,462,0,2,0,0,10,0,0,2,0,0,4,0,0,0,0,16,0
1222409300339036160,Alexand65440118,2020-01-29T06:41:17.000Z,False,13,19,54,0,1,66,0,0,0,0,1,0,0,1,0,0,0,0,0,0,0,2,1
1224751355321032705,J82878687,2020-02-04T17:47:58.000Z,False,5,71,102,0,50,65806,0,10,0,1,29,0,1,22,0,0,4,0,0,0,0,57,0
1251064142892539906,Kjms_23,2020-04-17T08:25:37.000Z,False,44,84,74,0,11,0,1,9,0,0,2,0,0,0,0,0,2,0,0,0,0,4,0
308569219,odioaki22,2011-05-31T16:44:48.000Z,False,3620,1793,62936,4,3648,1645145,1348,10589,473,61,315,0,20,137,0,54,176,0,98,548,0,1409,1
1362583535207542785,armando44292026,2021-02-19T02:03:36.000Z,False,10,13,29,0,7,0,1,2,0,0,1,0,0,0,0,0,1,0,0,0,0,2,1
114815905,aleacu_a,2010-02-16T18:06:32.000Z,False,1051,862,27098,12,862,776540,127,697,10,4,400,1,4,372,1,0,32,0,0,47,0,861,0
115519725,yorlaythais,2010-02-18T23:10:02.000Z,False,196,779,7008,0,11,35627,0,0,0,0,14,0,0,8,0,0,2,0,0,1,0,25,0
128963859,malulibassi,2010-04-02T19:12:49.000Z,False,397,1583,6427,5,137,114766,25,24,0,0,79,0,0,55,0,0,15,0,0,12,0,161,0
858858434682384384,AmeliaD14122906,2017-05-01T01:39:42.000Z,False,94,453,156,0,7,251,0,1,0,2,4,1,2,2,1,0,0,0,0,0,0,12,1
1350826985740754944,CSolon2,2021-01-17T15:27:18.000Z,False,15,229,129,0,5,0,0,0,0,1,4,0,0,0,0,1,3,0,0,0,0,9,1
1133894023159209984,CarmenA18878036,2019-05-30T00:32:56.000Z,False,16,97,204,0,12,0,1,6,1,6,10,0,0,0,0,5,7,0,0,0,1,29,1
1290366444887257088,365notasdeamor,2020-08-03T19:18:50.000Z,False,6,48,96,0,3,0,0,0,0,0,1,0,0,0,0,0,1,0,0,0,0,2,1
709173435159678976,promos_507_,2016-03-14T00:24:57.000Z,False,19541,31,23760,74,109,83,39,207,2,8,90,3,0,2,1,6,40,2,0,0,0,152,1
726807680678006785,Danna_ZaraTe22,2016-05-01T16:17:09.000Z,False,1,57,4403,0,148,164575,1,1,0,0,22,0,0,22,0,0,1,0,0,0,0,45,0
788049731578580993,mjoa18,2016-10-17T16:11:12.000Z,False,1090,1884,52301,4,8450,538834,1189,6855,124,389,1362,231,264,795,118,152,430,108,21,55,16,3941,1
791502893618700288,HNF1948,2016-10-27T04:52:50.000Z,False,9,26,38,0,6,3,5,5,0,1,0,0,1,0,0,0,0,0,0,0,0,2,1
